3.9058016471098474E-25
3.815809145682178E-25
65534.75453882381
3.815809148151338E-25
16382.457407382244
3.815809145682178E-25
7280.269026502326
3.815809148151338E-25
4094.458231076254
3.815809145682178E-25
2619.910721959206
3.815809148151338E-25
1818.9035235391173
3.815809145682178E-25
1335.9345077558792
3.815809148151338E-25
1022.4603626816482
3.815809145682178E-25
807.5505084400012
3.815809148151338E-25
653.8204472592765
3.815809145682178E-25
540.0827751423781
3.815809148151338E-25
453.571678685492
3.815809145682178E-25
386.2494116860494
3.815809148151338E-25
332.82816035281905
3.815809145682178E-25
289.73329577269396
3.815809148151338E-25
254.46138216355243
3.815809145682178E-25
225.23072546764269
3.815809148151338E-25
200.73329548430732
3.815809145682178E-25
180.00283505910522
3.815809148151338E-25
162.3020423601511
3.815809145682178E-25
147.07061831796557
3.815809148151338E-25
133.8673921114461
3.815809145682178E-25
122.34975166789825
3.815809148151338E-25
112.24072914274942
3.815809145682178E-25
103.32126315603779
3.815809148151338E-25
95.41020948704764
3.815809145682178E-25
88.36259991926231
3.815809148151338E-25
82.05579135238415
3.815809145682178E-25
76.39085026716187
3.815809148151338E-25
71.28225746499707
3.815809145682178E-25
66.66059789781748
3.815809148151338E-25
62.46528823935601
3.815809145682178E-25
58.64587689954471
3.815809148151338E-25
55.15799723405311
3.815809145682178E-25
51.96530006052721
3.815809148151338E-25
49.03453044948077
3.815809145682178E-25
46.33863760759245
3.815809148151338E-25
43.85240409507708
3.815809145682178E-25
41.55535773119198
3.815809148151338E-25
39.42816443136942
3.815809145682178E-25
37.455057283778196
3.815809148151338E-25
35.62091230597719
3.815809145682178E-25
33.91357918110346
3.815809148151338E-25
32.321079386941854
3.815809145682178E-25
30.833883241056046
3.815809148151338E-25
29.442385257891605
3.815809145682178E-25
28.1390490143774
3.815809148151338E-25
26.916164547373054
3.815809145682178E-25
25.767620525121888
3.815809148151338E-25
24.687120032556614
3.815809145682178E-25
23.669795958139666
3.815809148151338E-25
22.71043650874882
3.815809145682178E-25
21.805102142701866
3.815809148151338E-25
20.949446567059237
3.815809145682178E-25
20.14025484958291
3.815809148151338E-25
19.37391074553403
3.815809145682178E-25
18.64774450201518
3.815809148151338E-25
17.958691748612335
3.815809145682178E-25
17.30456994032233
3.815809148151338E-25
16.682762460245872
3.815809145682178E-25
16.09146275498515
3.815809148151338E-25
15.528437007630188
3.815809145682178E-25
14.992136016265952
3.815809148151338E-25
14.480950253187553
3.815809145682178E-25
13.993164830152665
3.815809148151338E-25
13.52729939505961
3.815809145682178E-25
13.082300550459074
3.815809148151338E-25
12.656717688570517
3.815809145682178E-25
12.249654403383204
3.815809148151338E-25
11.859838553434919
3.815809145682178E-25
11.486527381305532
3.815809148151338E-25
11.128624967304239
3.815809145682178E-25
10.785454741273576
3.815809148151338E-25
10.45605504721489
3.815809145682178E-25
10.139877643697945
3.815809148151338E-25
9.836047757714455
3.815809145682178E-25
9.544105654465477
3.815809148151338E-25
9.263285886394822
3.815809145682178E-25
8.993177195135377
3.815809148151338E-25
8.733126059448816
3.815809145682178E-25
8.482751948951972
3.815809148151338E-25
8.241450329301635
3.815809145682178E-25
8.00893322367289
3.815809148151338E-25
7.784643980060571
3.815809145682178E-25
7.568339475446909
3.815809148151338E-25
7.359510380731638
3.815809145682178E-25
7.157951402543274
3.815809148151338E-25
6.963222084873169
3.815809145682178E-25
6.7751125056397425
3.815809148151338E-25
6.5932253223889425
3.815809145682178E-25
6.417408395418391
3.815809148151338E-25
6.247278532474139
3.815809145682178E-25
6.082702530357724
3.815809148151338E-25
5.923344083390637
3.815809145682178E-25
5.76908034016308
3.815809148151338E-25
5.619666257208544
3.815809145682178E-25
5.474906992433974
3.815809148151338E-25
5.334552772509351
3.815809145682178E-25
5.198522959562251
3.815809148151338E-25
5.066560698533607
3.815809145682178E-25
4.93858566384853
3.815809148151338E-25
4.814360687386948
3.815809145682178E-25
4.693824019749066
3.815809148151338E-25
4.576764167828618
3.815809145682178E-25
4.463118035010807
3.815809148151338E-25
4.352683318525136
3.815809145682178E-25
4.245414854728129
3.815809148151338E-25
4.1411233091423885
3.815809145682178E-25
4.039775502160049
3.815809148151338E-25
3.941194175155576
3.815809145682178E-25
3.8453456239597736
3.815809148151338E-25
3.752081300529068
3.815809145682178E-25
3.6613573733869096
3.815809148151338E-25
3.5730292061700077
3.815809145682178E-25
3.487078440129974
3.815809148151338E-25
3.403361631899555
3.815809145682178E-25
3.321859786105652
3.815809148151338E-25
3.2424423634715116
3.815809145682178E-25
3.1650991481891313
3.815809148151338E-25
2.9123414033623423
3.815809145682178E-25
2.8410088769962747
3.815809148151338E-25
2.7714745951359823
3.815809145682178E-25
2.7037272375387924
3.815809148151338E-25
2.637665560002559
3.815809145682178E-25
2.573281805532931
3.815809148151338E-25
2.51047357713025
3.815809145682178E-25
2.4492259686279434
3.815809148151338E-25
2.3895363332060158
3.815809145682178E-25
2.331276590543827
3.815809148151338E-25
2.2744092313203748
3.815809145682178E-25
2.218936142885046
3.815809148151338E-25
2.164777168665602
3.815809145682178E-25
2.111929840582764
3.815809148151338E-25
2.0603203353555037
3.815809145682178E-25
2.0099453775288114
3.815809148151338E-25
1.9607409826683337
3.815809145682178E-25
1.9126990444302068
3.815809148151338E-25
1.8657569551373796
3.815809145682178E-25
1.81991778575284
3.815809148151338E-25
1.7751190626709086
3.815809145682178E-25
1.7313636244019524
3.815809148151338E-25
1.6885894490696303
3.815809145682178E-25
1.646797374820529
3.815809148151338E-25
1.6059458307314642
3.815809145682178E-25
1.566022059391443
3.815809148151338E-25
1.5269778768753046
3.815809145682178E-25
1.488820681904798
3.815809148151338E-25
1.4514986995301171
3.815809145682178E-25
1.4150171344270794
3.815809148151338E-25
1.3793293744388784
3.815809145682178E-25
1.3444358014110984
3.815809148151338E-25
1.310299675958814
3.815809145682178E-25
1.2769176013133448
3.815809148151338E-25
1.2442533574308525
3.815809145682178E-25
1.2123093479739089
3.815809148151338E-25
1.1810480266392904
3.815809145682178E-25
1.150471795254739
3.815809148151338E-25
1.1205431353145816
3.815809145682178E-25
1.0912634084799544
3.815809148151338E-25
1.0626222724005963
3.815809145682178E-25
1.0345911246352653
3.815809148151338E-25
1.0071517219868549
3.815809145682178E-25
0.9803054342492653
3.815809148151338E-25
0.9540215099891948
3.815809145682178E-25
0.9283050569816429
3.815809148151338E-25
0.9031275310966486
3.815809145682178E-25
0.8784926153712691
3.815809148151338E-25
0.8543753708062956
3.815809145682178E-25
0.8307746585080555
3.815809148151338E-25
0.8076675110692916
3.815809145682178E-25
0.7850568627609563
3.815809148151338E-25
0.76291661359802
3.815809145682178E-25
0.7412521578860444
3.815809148151338E-25
0.7200413857770911
3.815809145682178E-25
0.6992847429999586
3.815809148151338E-25
0.6789679526029969
3.815809145682178E-25
0.6590841507646135
3.815809148151338E-25
0.6396172313817055
3.815809145682178E-25
0.620571281111574
3.815809148151338E-25
0.6019261077869414
3.815809145682178E-25
0.5836843468240805
3.815809148151338E-25
0.5658287472865472
3.815809145682178E-25
0.5483602610459487
3.815809148151338E-25
0.5312646252193797
3.815809145682178E-25
0.514540964577355
3.815809148151338E-25
0.49817481848707673
3.815809145682178E-25
0.48216806117650873
3.815809148151338E-25
0.4665063470917509
3.815809145682178E-25
0.4511913529646942
3.815809148151338E-25
0.43620810646332564
3.815809145682178E-25
0.4215538326201269
3.815809148151338E-25
0.4072411576251709
3.815809145682178E-25
0.3932391672107402
3.815809148151338E-25
0.37954676940751864
3.815809145682178E-25
0.3661668786729856
3.815809148151338E-25
0.3530884272872271
3.815809145682178E-25
0.3403119726261092
3.815809148151338E-25
0.32782635699085017
3.815809145682178E-25
0.3156328719345956
3.815809148151338E-25
0.3037239370103614
3.815809145682178E-25
0.2920963621615981
3.815809148151338E-25
0.28074233685862054
3.815809145682178E-25
0.2696631468004154
3.815809148151338E-25
0.2588494431353806
3.815809145682178E-25
0.24830220282478666
3.815809148151338E-25
0.23801409729101983
3.815809145682178E-25
0.22798423199736093
3.815809148151338E-25
0.21820868553169978
3.815809145682178E-25
0.2086831696469209
3.815809148151338E-25
0.19940222377355993
3.815809145682178E-25
0.19036706116310714
3.815809148151338E-25
0.18157059691685754
3.815809145682178E-25
0.1730129577330161
3.815809148151338E-25
0.16468767391035993
3.815809145682178E-25
0.15659467311126643
3.815809148151338E-25
0.1487317836578942
3.815809145682178E-25
0.1410951450797166
3.815809148151338E-25
0.13367987680940327
3.815809145682178E-25
0.12648749302312118
3.815809148151338E-25
0.11951280809927697
3.815809145682178E-25
0.11275555898461773
3.815809148151338E-25
0.10621185651166623
3.815809145682178E-25
0.09987973444492085
3.815809148151338E-25
0.09376222357640063
3.815809145682178E-25
0.0878495393590118
3.815809148151338E-25
0.08214242307018844
3.815809145682178E-25
0.07663991125498541
3.815809148151338E-25
0.07133966108382116
3.815809145682178E-25
0.0662412253250375
3.815809148151338E-25
0.06134027935478972
3.815809145682178E-25
0.0566369954715841
3.815809148151338E-25
0.052130602327884926
3.815809145682178E-25
0.04781918923799706
3.815809148151338E-25
0.04370047817159562
3.815809145682178E-25
0.039773912028830634
3.815809148151338E-25
0.03603791057305994
3.815809145682178E-25
0.03249147013411551
3.815809148151338E-25
0.02913315812743121
3.815809145682178E-25
0.025962380266627783
3.815809148151338E-25
0.022978764747907537
3.815809145682178E-25
0.02018018543937442
3.815809148151338E-25
0.01756596784943046
3.815809145682178E-25
0.015135684037329438
3.815809148151338E-25
0.012888269648840227
3.815809145682178E-25
0.010823305338072525
3.815809148151338E-25
0.008940052870010545
3.815809145682178E-25
0.007237868201792617
3.815809148151338E-25
0.005716354696386766
3.815809145682178E-25
0.004374894305533592
3.815809148151338E-25
0.0032130771502435667
3.815809145682178E-25
0.002230585171137526
3.815809148151338E-25
0.0014271909636285288
3.815809145682178E-25
8.02565354653646E-4
3.815809148151338E-25
3.5653342489299245E-4
3.815809145682178E-25
8.898746731386558E-5
3.815809148151338E-25
