6.117121240968582E-13
8.481301261943556E-4
6.117121240968582E-13
-4.501034602486444E-4
6.117121240968582E-13
3.045216674847848E-5
6.117121240968582E-13
-1.6721475372046777E-4
6.117121240968582E-13
1.0067593154158969E-5
6.117121240968582E-13
-1.0273200476874267E-4
6.117121240968582E-13
1.2280600966208969E-5
6.117121240968582E-13
-4.153061460638402E-5
6.117121240968582E-13
-4.043003999950985E-7
6.117121240968582E-13
-6.105468034872883E-5
6.117121240968582E-13
-8.655212218362166E-7
6.117121240968582E-13
-4.679813208214924E-5
6.117121240968582E-13
-2.286843280028197E-7
6.117121240968582E-13
-3.821262937384382E-5
6.117121240968582E-13
7.164796105567226E-6
6.117121240968582E-13
-2.6283130311585733E-6
6.117121240968582E-13
-2.576623027938397E-6
6.117121240968582E-13
-3.259934250343788E-5
6.117121240968582E-13
-2.6110451348290162E-6
6.117121240968582E-13
-2.7520710392671213E-5
6.117121240968582E-13
-2.5795683786170297E-6
6.117121240968582E-13
-2.496125476973523E-5
6.117121240968582E-13
4.089692136220964E-7
6.117121240968582E-13
-1.205950140360416E-5
6.117121240968582E-13
-1.5208999874299982E-6
6.117121240968582E-13
-2.013313346872568E-5
6.117121240968582E-13
-3.9415547061984347E-7
6.117121240968582E-13
-1.5863739181221163E-5
6.117121240968582E-13
1.8072766033279792E-6
6.117121240968582E-13
-1.0834618338966955E-5
6.117121240968582E-13
1.2185352761115274E-5
6.117121240968582E-13
3.2976504023606106E-5
6.117121240968582E-13
-4.876138727328972E-6
6.117121240968582E-13
-1.841445822206565E-5
6.117121240968582E-13
-4.992374122756795E-6
6.117121240968582E-13
-1.675973095625469E-5
6.117121240968582E-13
-5.215946923515619E-6
6.117121240968582E-13
-1.6255757855995898E-5
6.117121240968582E-13
-3.7414376691177973E-6
6.117121240968582E-13
-9.724363630294252E-6
6.117121240968582E-13
-4.918406825566617E-6
6.117121240968582E-13
-1.488476300909279E-5
6.117121240968582E-13
-4.772894045895435E-6
6.117121240968582E-13
-1.3439928537723349E-5
6.117121240968582E-13
-4.623740892650327E-6
6.117121240968582E-13
-1.2614837395672867E-5
6.117121240968582E-13
-2.331661545114107E-6
6.117121240968582E-13
-2.987559765223772E-6
6.117121240968582E-13
-4.9798439126810986E-6
6.117121240968582E-13
-1.2634303998795995E-5
6.117121240968582E-13
-4.8974480335548785E-6
6.117121240968582E-13
-1.1593730717240882E-5
6.117121240968582E-13
-4.927693192039494E-6
6.117121240968582E-13
-1.1264162396296645E-5
6.117121240968582E-13
-3.74143419506421E-6
6.117121240968582E-13
-6.7876217060382476E-6
6.117121240968582E-13
-4.111137852360601E-6
6.117121240968582E-13
-9.865805303720282E-6
6.117121240968582E-13
-3.5518571001437343E-6
6.117121240968582E-13
-8.348165747438578E-6
6.117121240968582E-13
-2.5308739431990475E-6
6.117121240968582E-13
-6.2565968254651195E-6
6.117121240968582E-13
2.5494611911604825E-6
6.117121240968582E-13
1.4990575078345177E-5
6.117121240968582E-13
-4.143701068578109E-6
6.117121240968582E-13
-8.915712185173938E-6
6.117121240968582E-13
-4.2837271832174225E-6
6.117121240968582E-13
-8.443289097116431E-6
6.117121240968582E-13
-4.544791627012207E-6
6.117121240968582E-13
-8.491873074235621E-6
6.117121240968582E-13
-3.9152706090586765E-6
6.117121240968582E-13
-5.555780637560035E-6
6.117121240968582E-13
-4.34329160282157E-6
6.117121240968582E-13
-8.021503205276477E-6
6.117121240968582E-13
-4.342482510646564E-6
6.117121240968582E-13
-7.493302829073852E-6
6.117121240968582E-13
-4.396102266049989E-6
6.117121240968582E-13
-7.266206341805304E-6
6.117121240968582E-13
-3.2656045623836644E-6
6.117121240968582E-13
-2.3691311007943454E-6
6.117121240968582E-13
-4.553432884281234E-6
6.117121240968582E-13
-7.402643182966968E-6
6.117121240968582E-13
-4.5764060356369585E-6
6.117121240968582E-13
-6.99944491118986E-6
6.117121240968582E-13
-4.715962325459633E-6
6.117121240968582E-13
-6.980381622646337E-6
6.117121240968582E-13
-4.141397957342983E-6
6.117121240968582E-13
-4.6832425559180116E-6
6.117121240968582E-13
-4.2205295191575385E-6
6.117121240968582E-13
-6.259766683883785E-6
6.117121240968582E-13
-3.987680446989434E-6
6.117121240968582E-13
-5.560597589924986E-6
6.117121240968582E-13
-3.5736139188875693E-6
6.117121240968582E-13
-4.594911230065972E-6
6.117121240968582E-13
-9.638167653249791E-7
6.117121240968582E-13
6.452321665350375E-6
6.117121240968582E-13
-4.514773259704333E-6
6.117121240968582E-13
-6.1165638140403385E-6
6.117121240968582E-13
-4.6449247533013986E-6
6.117121240968582E-13
-5.937912738263888E-6
6.117121240968582E-13
-4.895887603118931E-6
6.117121240968582E-13
-6.066364373548726E-6
6.117121240968582E-13
-4.588426387739114E-6
6.117121240968582E-13
-4.469275497575057E-6
6.117121240968582E-13
-4.706587653394584E-6
6.117121240968582E-13
-5.745143327305649E-6
6.117121240968582E-13
-4.7564472696217046E-6
6.117121240968582E-13
-5.515593272644714E-6
6.117121240968582E-13
-4.886774603145133E-6
6.117121240968582E-13
-5.46808730720077E-6
6.117121240968582E-13
-4.274119933343378E-6
6.117121240968582E-13
-2.6506130115496926E-6
6.117121240968582E-13
-4.92754629210386E-6
6.117121240968582E-13
-5.50009498742629E-6
6.117121240968582E-13
-4.999503644629333E-6
6.117121240968582E-13
-5.336742616309008E-6
6.117121240968582E-13
-5.195163105308526E-6
6.117121240968582E-13
-5.413204355977604E-6
6.117121240968582E-13
-4.941955720533958E-6
6.117121240968582E-13
-4.17050064308069E-6
6.117121240968582E-13
-4.876013240390074E-6
6.117121240968582E-13
-4.86752807458531E-6
6.117121240968582E-13
-4.707516103468953E-6
6.117121240968582E-13
-4.504118169050963E-6
6.117121240968582E-13
-4.503932714101249E-6
6.117121240968582E-13
-3.961782264387176E-6
6.117121240968582E-13
-2.89760706862643E-6
6.117121240968582E-13
2.9050186765914286E-6
6.117121240968582E-13
-4.3155785436259705E-6
6.117121240968582E-13
-4.169016833473098E-6
6.117121240968582E-13
-4.4336202221824374E-6
6.117121240968582E-13
-4.130133356361906E-6
6.117121240968582E-13
-4.669848810706843E-6
6.117121240968582E-13
-4.279967579028644E-6
6.117121240968582E-13
-4.53918404236415E-6
6.117121240968582E-13
-3.4318325839912645E-6
6.117121240968582E-13
-4.477300838737513E-6
6.117121240968582E-13
-4.00825962201272E-6
6.117121240968582E-13
-4.548069996907669E-6
6.117121240968582E-13
-3.935284809652392E-6
6.117121240968582E-13
-4.7104452256537645E-6
6.117121240968582E-13
-3.973867187571161E-6
6.117121240968582E-13
-4.398865983517407E-6
6.117121240968582E-13
-2.403283835478904E-6
6.117121240968582E-13
-4.662727240351883E-6
6.117121240968582E-13
-3.915805780229433E-6
6.117121240968582E-13
-4.7442831775324296E-6
6.117121240968582E-13
-3.8815729574890305E-6
6.117121240968582E-13
-4.939059020879407E-6
6.117121240968582E-13
-3.989095477907458E-6
6.117121240968582E-13
-4.83328364342892E-6
6.117121240968582E-13
-3.3629158369726732E-6
6.117121240968582E-13
-4.6487464245222194E-6
6.117121240968582E-13
-3.6018017566600064E-6
6.117121240968582E-13
-4.644582719768739E-6
6.117121240968582E-13
-3.46611825087846E-6
6.117121240968582E-13
-4.653295803909563E-6
6.117121240968582E-13
-3.2513241155665257E-6
6.117121240968582E-13
-3.873415464872659E-6
6.117121240968582E-13
2.797267062884496E-7
6.117121240968582E-13
-4.475190838712701E-6
6.117121240968582E-13
-3.2429988872495825E-6
6.117121240968582E-13
-4.606782460830946E-6
6.117121240968582E-13
-3.295757463289417E-6
6.117121240968582E-13
-4.851132913687782E-6
6.117121240968582E-13
-3.456716802401659E-6
6.117121240968582E-13
-4.863326348481849E-6
6.117121240968582E-13
-3.1285464800013187E-6
6.117121240968582E-13
-4.7010965253783906E-6
6.117121240968582E-13
-3.2257205644021335E-6
6.117121240968582E-13
-4.810422391866731E-6
6.117121240968582E-13
-3.269507283839616E-6
6.117121240968582E-13
-5.021215954323384E-6
6.117121240968582E-13
-3.378990259966705E-6
6.117121240968582E-13
-4.956228432591486E-6
6.117121240968582E-13
-2.7195859332652817E-6
6.117121240968582E-13
-4.971530129855114E-6
6.117121240968582E-13
-3.2874859968606497E-6
6.117121240968582E-13
-5.106444090924216E-6
6.117121240968582E-13
-3.3795368724011916E-6
6.117121240968582E-13
-5.3627206595633176E-6
6.117121240968582E-13
-3.5594300700169603E-6
6.117121240968582E-13
-5.45732579678732E-6
6.117121240968582E-13
-3.4786481933389778E-6
6.117121240968582E-13
-5.301444152570493E-6
6.117121240968582E-13
-3.446124298536213E-6
6.117121240968582E-13
-5.530175260581912E-6
6.117121240968582E-13
-3.692729591212727E-6
6.117121240968582E-13
-6.011228365031963E-6
6.117121240968582E-13
-4.277412584447532E-6
6.117121240968582E-13
-7.041000649569966E-6
6.117121240968582E-13
-8.26699232923295E-6
6.117121240968582E-13
-4.282436690571879E-6
6.117121240968582E-13
-2.182241596467808E-6
6.117121240968582E-13
-4.402817943171765E-6
6.117121240968582E-13
-2.2816079577391437E-6
6.117121240968582E-13
-4.631666111820712E-6
6.117121240968582E-13
-2.4259692041801743E-6
6.117121240968582E-13
-4.732706391935447E-6
6.117121240968582E-13
-2.4789374339799166E-6
6.117121240968582E-13
-4.4658652907185245E-6
6.117121240968582E-13
-2.1683736017679685E-6
6.117121240968582E-13
-4.577943205643467E-6
6.117121240968582E-13
-2.271272370776931E-6
6.117121240968582E-13
-4.795452714317091E-6
6.117121240968582E-13
-2.3990499579481705E-6
6.117121240968582E-13
-4.890989461063944E-6
6.117121240968582E-13
-2.429046939983695E-6
6.117121240968582E-13
-4.6577956974246494E-6
6.117121240968582E-13
-2.1766301197609652E-6
6.117121240968582E-13
-4.7770163616379536E-6
6.117121240968582E-13
-2.2998247773058695E-6
6.117121240968582E-13
-5.0050833555375775E-6
6.117121240968582E-13
-2.442751802495443E-6
6.117121240968582E-13
-5.154338714689731E-6
6.117121240968582E-13
-2.6739877751479914E-6
6.117121240968582E-13
-4.85265416198141E-6
6.117121240968582E-13
-2.1951576042857183E-6
6.117121240968582E-13
-4.9850087420919965E-6
6.117121240968582E-13
-2.347485920387581E-6
6.117121240968582E-13
-5.238878226845335E-6
6.117121240968582E-13
-2.53287197426383E-6
6.117121240968582E-13
-5.503288970515971E-6
6.117121240968582E-13
-3.236627221451854E-6
6.117121240968582E-13
-4.478838043404569E-6
6.117121240968582E-13
-1.650188145604898E-6
6.117121240968582E-13
-4.6229641548003765E-6
6.117121240968582E-13
-1.8200654778239714E-6
6.117121240968582E-13
-4.8744963609360595E-6
6.117121240968582E-13
-1.9841958711779637E-6
6.117121240968582E-13
-5.092183200383994E-6
6.117121240968582E-13
-2.405810290833381E-6
6.117121240968582E-13
-4.779411448591169E-6
6.117121240968582E-13
-1.7860291661413068E-6
6.117121240968582E-13
-4.94601996390831E-6
6.117121240968582E-13
-1.993398070548261E-6
6.117121240968582E-13
-5.230974956352065E-6
6.117121240968582E-13
-2.2013060493126287E-6
6.117121240968582E-13
-5.54297585569755E-6
6.117121240968582E-13
-2.9211235471469135E-6
6.117121240968582E-13
-5.181771714430044E-6
6.117121240968582E-13
-2.0425227554630644E-6
6.117121240968582E-13
-5.4068763852602475E-6
6.117121240968582E-13
-2.3281810011137404E-6
6.117121240968582E-13
-5.770910997915565E-6
6.117121240968582E-13
-2.625286392473487E-6
6.117121240968582E-13
-6.199004253942328E-6
6.117121240968582E-13
-3.416522104963727E-6
6.117121240968582E-13
-6.117684157619127E-6
6.117121240968582E-13
-2.985696064757651E-6
6.117121240968582E-13
-6.774864305227838E-6
6.117121240968582E-13
-3.91447418235193E-6
6.117121240968582E-13
-8.139907427424056E-6
6.117121240968582E-13
-5.992755122656793E-6
6.117121240968582E-13
-1.255942627800317E-5
6.117121240968582E-13
-2.4107998040270753E-5
6.117121240968582E-13
-4.1211834368245375E-6
6.117121240968582E-13
-5.876709221399473E-7
6.117121240968582E-13
-4.236282786102689E-6
6.117121240968582E-13
-7.665336970381274E-7
6.117121240968582E-13
-4.4530802821656034E-6
6.117121240968582E-13
-8.870807674051813E-7
6.117121240968582E-13
-4.718147751757836E-6
6.117121240968582E-13
-1.5864363950909872E-6
6.117121240968582E-13
-4.291401232095741E-6
6.117121240968582E-13
-5.962011996895849E-7
6.117121240968582E-13
-4.4281008247144185E-6
6.117121240968582E-13
-8.110403861400121E-7
6.117121240968582E-13
-4.680808821073461E-6
6.117121240968582E-13
-9.864801275605056E-7
6.117121240968582E-13
-5.083468871798638E-6
6.117121240968582E-13
-2.2359367379240535E-6
6.117121240968582E-13
-4.453180370788702E-6
6.117121240968582E-13
-5.874668216345773E-7
6.117121240968582E-13
-4.593560525792629E-6
6.117121240968582E-13
-8.118867190555014E-7
6.117121240968582E-13
-4.838753167638903E-6
6.117121240968582E-13
-9.596726759219161E-7
6.117121240968582E-13
-5.183686809112747E-6
6.117121240968582E-13
-1.861197081242253E-6
6.117121240968582E-13
-4.773950721994054E-6
6.117121240968582E-13
-7.729255945395517E-7
6.117121240968582E-13
-5.007585456209178E-6
6.117121240968582E-13
-1.1377590983242222E-6
6.117121240968582E-13
-5.453557682488052E-6
6.117121240968582E-13
-1.632376612120261E-6
6.117121240968582E-13
-6.585011516882668E-6
6.117121240968582E-13
-5.89294063131482E-6
6.117121240968582E-13
-4.175364002413496E-6
6.117121240968582E-13
4.641918424654442E-8
6.117121240968582E-13
-4.308605770595799E-6
6.117121240968582E-13
-1.8703093105774196E-7
6.117121240968582E-13
-4.541012593979149E-6
6.117121240968582E-13
-3.1313364432253584E-7
6.117121240968582E-13
-4.909847656768573E-6
6.117121240968582E-13
-1.3507510713957938E-6
6.117121240968582E-13
-4.4289410603145105E-6
6.117121240968582E-13
-4.549351234582407E-8
6.117121240968582E-13
-4.605996401968135E-6
6.117121240968582E-13
-3.4110298194377906E-7
6.117121240968582E-13
-4.908370647082658E-6
6.117121240968582E-13
-5.701389446092713E-7
6.117121240968582E-13
-5.5044080417521195E-6
6.117121240968582E-13
-2.4763670197567016E-6
6.117121240968582E-13
-4.715836625094078E-6
6.117121240968582E-13
-1.6028683692841595E-7
6.117121240968582E-13
-4.923275861431291E-6
6.117121240968582E-13
-4.953869718882036E-7
6.117121240968582E-13
-5.250490364142645E-6
6.117121240968582E-13
-7.258354323363582E-7
6.117121240968582E-13
-5.7987632879280345E-6
6.117121240968582E-13
-2.0957146786950136E-6
6.117121240968582E-13
-5.483914973671832E-6
6.117121240968582E-13
-8.754627897166245E-7
6.117121240968582E-13
-6.026827206335866E-6
6.117121240968582E-13
-1.704930370525552E-6
6.117121240968582E-13
-7.11341709170042E-6
6.117121240968582E-13
-3.2742173656279717E-6
6.117121240968582E-13
-1.0659351053708768E-5
6.117121240968582E-13
-1.7596385138117835E-5
6.117121240968582E-13
-4.157248936294677E-6
6.117121240968582E-13
8.369898194766773E-7
6.117121240968582E-13
-4.269860476323572E-6
6.117121240968582E-13
5.890057527147149E-7
6.117121240968582E-13
-4.477127905275485E-6
6.117121240968582E-13
5.041019280216182E-7
6.117121240968582E-13
-4.915207399316681E-6
6.117121240968582E-13
-8.560302278287836E-7
6.117121240968582E-13
-4.325426600011145E-6
6.117121240968582E-13
8.528468566394699E-7
6.117121240968582E-13
-4.49258562724947E-6
6.117121240968582E-13
5.297923697986023E-7
6.117121240968582E-13
-4.787701170464525E-6
6.117121240968582E-13
3.125821776192025E-7
6.117121240968582E-13
-5.527348552256775E-6
6.117121240968582E-13
-2.2487632140253993E-6
6.117121240968582E-13
-4.469784141237893E-6
6.117121240968582E-13
9.256997736424789E-7
6.117121240968582E-13
-4.640147679600014E-6
6.117121240968582E-13
5.982508750979124E-7
6.117121240968582E-13
-4.91177268716243E-6
6.117121240968582E-13
4.524301052346806E-7
6.117121240968582E-13
-5.485292325576106E-6
6.117121240968582E-13
-1.1990777152788304E-6
6.117121240968582E-13
-4.963465334691734E-6
6.117121240968582E-13
5.830592895238996E-7
6.117121240968582E-13
-5.325685371178996E-6
6.117121240968582E-13
-2.332477543186402E-8
6.117121240968582E-13
-6.009004682165492E-6
6.117121240968582E-13
-8.782608257375241E-7
6.117121240968582E-13
-8.174644029062209E-6
6.117121240968582E-13
-9.329572917827427E-6
6.117121240968582E-13
-4.1614770274349045E-6
6.117121240968582E-13
1.7300489499439013E-6
6.117121240968582E-13
-4.29978499297427E-6
6.117121240968582E-13
1.419009522462263E-6
6.117121240968582E-13
-4.529775853313433E-6
6.117121240968582E-13
1.3343982389707028E-6
6.117121240968582E-13
-5.108001897466702E-6
6.117121240968582E-13
-4.684152757883616E-7
6.117121240968582E-13
-4.449461643133296E-6
6.117121240968582E-13
1.6675856277972719E-6
6.117121240968582E-13
-4.675362082168393E-6
6.117121240968582E-13
1.2415786764452651E-6
6.117121240968582E-13
-5.043512504025577E-6
6.117121240968582E-13
9.56251536812508E-7
6.117121240968582E-13
-6.057661522427715E-6
6.117121240968582E-13
-2.5157390719773484E-6
6.117121240968582E-13
-4.785345898421459E-6
6.117121240968582E-13
1.5959816508647476E-6
6.117121240968582E-13
-5.060636627749493E-6
6.117121240968582E-13
1.1127073320112989E-6
6.117121240968582E-13
-5.463270700100426E-6
6.117121240968582E-13
8.452233756315136E-7
6.117121240968582E-13
-6.350937476690849E-6
6.117121240968582E-13
-1.4991784574040179E-6
6.117121240968582E-13
-5.997151384490161E-6
6.117121240968582E-13
4.527384212154414E-7
6.117121240968582E-13
-6.8664175912721305E-6
6.117121240968582E-13
-8.968115520803453E-7
6.117121240968582E-13
-8.608708092367618E-6
6.117121240968582E-13
-3.51690298075294E-6
6.117121240968582E-13
-1.4767156834801144E-5
6.117121240968582E-13
-2.8610931279837384E-5
6.117121240968582E-13
-4.11695195864478E-6
6.117121240968582E-13
3.0143131763524534E-6
6.117121240968582E-13
-4.2353921648381705E-6
6.117121240968582E-13
2.6906437509147132E-6
6.117121240968582E-13
-4.444893871202269E-6
6.117121240968582E-13
2.6775144823530243E-6
6.117121240968582E-13
-5.169486630681459E-6
6.117121240968582E-13
3.38083807816738E-7
6.117121240968582E-13
-4.365315641755233E-6
6.117121240968582E-13
3.198270031830259E-6
6.117121240968582E-13
-4.506777022008051E-6
6.117121240968582E-13
2.7438620208691007E-6
6.117121240968582E-13
-4.833098059043754E-6
6.117121240968582E-13
2.498051498408653E-6
6.117121240968582E-13
-6.072166703972476E-6
6.117121240968582E-13
-2.078297039698021E-6
6.117121240968582E-13
-4.31585277090112E-6
6.117121240968582E-13
3.5369984493903686E-6
6.117121240968582E-13
-4.512514706800773E-6
6.117121240968582E-13
3.088456741939398E-6
6.117121240968582E-13
-4.8038326817410835E-6
6.117121240968582E-13
2.9927016093034673E-6
6.117121240968582E-13
-5.732514406348843E-6
6.117121240968582E-13
1.4701080112747585E-7
6.117121240968582E-13
-5.012159546090993E-6
6.117121240968582E-13
3.121045447429419E-6
6.117121240968582E-13
-5.573059920033696E-6
6.117121240968582E-13
2.1530336665914953E-6
6.117121240968582E-13
-6.6431016680605015E-6
6.117121240968582E-13
7.253446845778272E-7
6.117121240968582E-13
-1.0600984836422976E-5
6.117121240968582E-13
-1.505492973681699E-5
6.117121240968582E-13
-3.7925504832554024E-6
6.117121240968582E-13
5.045084509698606E-6
6.117121240968582E-13
-3.909368825085309E-6
6.117121240968582E-13
4.665516321441952E-6
6.117121240968582E-13
-4.0953222672722525E-6
6.117121240968582E-13
4.738801567248966E-6
6.117121240968582E-13
-5.0260334221471865E-6
6.117121240968582E-13
1.5807808737396797E-6
6.117121240968582E-13
-4.006314682631858E-6
6.117121240968582E-13
5.35801067632534E-6
6.117121240968582E-13
-4.279836167828983E-6
6.117121240968582E-13
4.7777365487070066E-6
6.117121240968582E-13
-4.716595284461421E-6
6.117121240968582E-13
4.4945803387299905E-6
6.117121240968582E-13
-6.507857979904483E-6
6.117121240968582E-13
-2.024393657409844E-6
6.117121240968582E-13
-4.185024925884789E-6
6.117121240968582E-13
5.865559696243345E-6
6.117121240968582E-13
-4.50729788268182E-6
6.117121240968582E-13
5.238868034325391E-6
6.117121240968582E-13
-4.940000372062097E-6
6.117121240968582E-13
5.1016107284807144E-6
6.117121240968582E-13
-6.40434771450461E-6
6.117121240968582E-13
8.780476193199738E-7
6.117121240968582E-13
-5.762722503161549E-6
6.117121240968582E-13
4.7673723146226645E-6
6.117121240968582E-13
-6.9943093820048286E-6
6.117121240968582E-13
2.8256410403010536E-6
6.117121240968582E-13
-9.460688674740357E-6
6.117121240968582E-13
-8.444026806923032E-7
6.117121240968582E-13
-1.899310739734028E-5
6.117121240968582E-13
-3.980611144722305E-5
6.117121240968582E-13
-3.875138925961771E-6
6.117121240968582E-13
8.221408879150997E-6
6.117121240968582E-13
-3.9475085145733186E-6
6.117121240968582E-13
7.86325949020353E-6
6.117121240968582E-13
-4.052321584195861E-6
6.117121240968582E-13
8.235738320524335E-6
6.117121240968582E-13
-5.377440689976492E-6
6.117121240968582E-13
3.5587406028640647E-6
6.117121240968582E-13
-3.898346486470726E-6
6.117121240968582E-13
9.453677449833634E-6
6.117121240968582E-13
-4.196610968929678E-6
6.117121240968582E-13
8.827209290864814E-6
6.117121240968582E-13
-4.6708349174448996E-6
6.117121240968582E-13
8.719066080642876E-6
6.117121240968582E-13
-7.4441534088589365E-6
6.117121240968582E-13
-1.7215283113981644E-6
6.117121240968582E-13
-3.610526418038564E-6
6.117121240968582E-13
1.154484242626727E-5
6.117121240968582E-13
-3.895324977966558E-6
6.117121240968582E-13
1.1002469908958464E-5
6.117121240968582E-13
-4.218294787836989E-6
6.117121240968582E-13
1.1419679387018384E-5
6.117121240968582E-13
-6.355101931347587E-6
6.117121240968582E-13
4.753376734668159E-6
6.117121240968582E-13
-4.9833359806249755E-6
6.117121240968582E-13
1.225848729644539E-5
6.117121240968582E-13
-6.288106651563128E-6
6.117121240968582E-13
1.034257889447342E-5
6.117121240968582E-13
-8.852842244964206E-6
6.117121240968582E-13
7.090017340834035E-6
6.117121240968582E-13
-2.0255371269458182E-5
6.117121240968582E-13
-3.915878841370652E-5
6.117121240968582E-13
-2.2423339110360916E-6
6.117121240968582E-13
1.9374562556475058E-5
6.117121240968582E-13
-2.173667554947297E-6
6.117121240968582E-13
1.953572052957686E-5
6.117121240968582E-13
-1.9526778247545983E-6
6.117121240968582E-13
2.1461406686410968E-5
6.117121240968582E-13
-4.5423997261061645E-6
6.117121240968582E-13
1.2226417788711034E-5
6.117121240968582E-13
-1.45394219234024E-6
6.117121240968582E-13
2.6348513535025955E-5
6.117121240968582E-13
-1.7446856182596064E-6
6.117121240968582E-13
2.6647214068560164E-5
6.117121240968582E-13
-2.1358059966154936E-6
6.117121240968582E-13
2.8740693681980712E-5
6.117121240968582E-13
-9.13020137511991E-6
6.117121240968582E-13
1.6327730146584735E-6
6.117121240968582E-13
2.5957589090777624E-6
6.117121240968582E-13
4.383141678432253E-5
6.117121240968582E-13
3.40921780652066E-6
6.117121240968582E-13
4.793556904105936E-5
6.117121240968582E-13
5.558120632008729E-6
6.117121240968582E-13
5.850975905710523E-5
6.117121240968582E-13
8.672656677798385E-7
6.117121240968582E-13
4.133642075458055E-5
6.117121240968582E-13
1.1837626856041679E-5
6.117121240968582E-13
9.663327086303859E-5
6.117121240968582E-13
1.874995953688813E-5
6.117121240968582E-13
1.299661576487782E-4
6.117121240968582E-13
4.692135282970117E-5
6.117121240968582E-13
2.448712581428131E-4
6.117121240968582E-13
1.6382380905085166E-4
6.117121240968582E-13
7.276559818394193E-4
