-6.249641307395047E-13
6.177059730771857E-13
-3.574045507775504E-4
6.17705973277051E-13
7.00292393404337E-7
6.177059730771857E-13
-3.122096528488604E-5
6.17705973277051E-13
3.7903660424748573E-6
6.177059730771857E-13
-4.374251868736542E-6
6.17705973277051E-13
8.240094005237772E-6
6.177059730771857E-13
1.567342787897575E-5
6.17705973277051E-13
1.293293045628531E-6
6.177059730771857E-13
9.64580836394392E-7
6.17705973277051E-13
1.0724903036236113E-6
6.177059730771857E-13
3.6719660959202374E-6
6.17705973277051E-13
1.8462824811852536E-6
6.177059730771857E-13
5.8581957461443765E-6
6.17705973277051E-13
7.1276421849460366E-6
6.177059730771857E-13
1.9263696615848422E-5
6.17705973277051E-13
1.048096337223717E-6
6.177059730771857E-13
3.6337623485576145E-6
6.17705973277051E-13
7.961687920436376E-7
6.177059730771857E-13
4.408371062724723E-6
6.17705973277051E-13
7.49351682449119E-7
6.177059730771857E-13
4.760360289627029E-6
6.17705973277051E-13
2.944773812555309E-6
6.177059730771857E-13
9.731299860041147E-6
6.17705973277051E-13
2.221140701879122E-6
6.177059730771857E-13
5.83598057416181E-6
6.17705973277051E-13
3.0318273250469708E-6
6.177059730771857E-13
7.5446007849426274E-6
6.17705973277051E-13
4.7036657444179275E-6
6.177059730771857E-13
1.0516481115340688E-5
6.17705973277051E-13
1.1629822408689623E-5
6.177059730771857E-13
2.8509854412441803E-5
6.17705973277051E-13
-7.848390555824582E-7
6.177059730771857E-13
2.5220547508627707E-6
6.17705973277051E-13
-1.0530391350441695E-6
6.177059730771857E-13
2.676040137438525E-6
6.17705973277051E-13
-1.3610774031126391E-6
6.177059730771857E-13
2.535952002413314E-6
6.17705973277051E-13
-3.5536531131751673E-7
6.177059730771857E-13
5.051850497309918E-6
6.17705973277051E-13
-8.467098604111973E-7
6.177059730771857E-13
2.6747307570323254E-6
6.17705973277051E-13
-8.310647248748697E-7
6.177059730771857E-13
3.0331340781482896E-6
6.17705973277051E-13
-8.066125554429268E-7
6.177059730771857E-13
3.3188995299097345E-6
6.17705973277051E-13
7.466983827799763E-7
6.177059730771857E-13
7.2271582292266745E-6
6.17705973277051E-13
-8.749608287025232E-7
6.177059730771857E-13
2.669205794444092E-6
6.17705973277051E-13
-8.920281768386111E-7
6.177059730771857E-13
2.9071667565332254E-6
6.17705973277051E-13
-9.91349254813647E-7
6.177059730771857E-13
2.931734671758E-6
6.17705973277051E-13
-1.3495478728660374E-7
6.177059730771857E-13
4.820741564660544E-6
6.17705973277051E-13
-7.718554785063502E-8
6.177059730771857E-13
3.6719376512296233E-6
6.17705973277051E-13
3.331134598760587E-7
6.177059730771857E-13
4.444384910996429E-6
6.17705973277051E-13
1.075824065279378E-6
6.177059730771857E-13
5.827331136978141E-6
6.17705973277051E-13
4.445579899237107E-6
6.177059730771857E-13
1.4637295354156235E-5
6.17705973277051E-13
3.8023339679454633E-8
6.177059730771857E-13
3.516729713118379E-6
6.17705973277051E-13
-1.7202843993876422E-7
6.177059730771857E-13
3.481502106902659E-6
6.17705973277051E-13
-4.836252325386261E-7
6.177059730771857E-13
3.2582213106637426E-6
6.17705973277051E-13
-8.389994934735051E-8
6.177059730771857E-13
4.3828742878136865E-6
6.17705973277051E-13
-1.8816949878161056E-7
6.177059730771857E-13
3.3715337576171742E-6
6.17705973277051E-13
-2.507422885170585E-7
6.177059730771857E-13
3.4688690113351102E-6
6.17705973277051E-13
-3.7627128958673817E-7
6.177059730771857E-13
3.4905486483512677E-6
6.17705973277051E-13
3.660720318273383E-7
6.177059730771857E-13
5.466378561799316E-6
6.17705973277051E-13
-3.8794067716824603E-7
6.177059730771857E-13
3.1764948718259987E-6
6.17705973277051E-13
-4.597255674030817E-7
6.177059730771857E-13
3.229187572969466E-6
6.17705973277051E-13
-6.407230149018143E-7
6.177059730771857E-13
3.1248788549267067E-6
6.17705973277051E-13
-2.4173803087980893E-7
6.177059730771857E-13
4.076728288700119E-6
6.17705973277051E-13
-9.226552736671692E-8
6.177059730771857E-13
3.580139295029783E-6
6.17705973277051E-13
6.570066798248225E-8
6.177059730771857E-13
3.923515043194433E-6
6.17705973277051E-13
3.307586471635161E-7
6.177059730771857E-13
4.534354842683263E-6
6.17705973277051E-13
2.0486548199351596E-6
6.177059730771857E-13
9.096803057896322E-6
6.17705973277051E-13
-3.035027339837588E-7
6.177059730771857E-13
3.2321375571855855E-6
6.17705973277051E-13
-4.669801549002681E-7
6.177059730771857E-13
3.159847518339657E-6
6.17705973277051E-13
-7.476508038782387E-7
6.177059730771857E-13
2.9404352964473143E-6
6.17705973277051E-13
-5.65022503245427E-7
6.177059730771857E-13
3.5319950564775623E-6
6.17705973277051E-13
-4.985667357457766E-7
6.177059730771857E-13
3.092627080548798E-6
6.17705973277051E-13
-5.769126953518276E-7
6.177059730771857E-13
3.1016662751250293E-6
6.17705973277051E-13
-7.476673549573116E-7
6.177059730771857E-13
3.0311013354885995E-6
6.17705973277051E-13
-3.540928433396941E-7
6.177059730771857E-13
4.150821445340754E-6
6.17705973277051E-13
-6.879243528361201E-7
6.177059730771857E-13
2.9272735476208707E-6
6.17705973277051E-13
-7.728480467666993E-7
6.177059730771857E-13
2.9167280939652844E-6
6.17705973277051E-13
-9.784536755540746E-7
6.177059730771857E-13
2.7813657171485478E-6
6.17705973277051E-13
-7.896057136044183E-7
6.177059730771857E-13
3.3182284253860776E-6
6.17705973277051E-13
-5.555944209227343E-7
6.177059730771857E-13
3.1865451720004988E-6
6.17705973277051E-13
-4.95551176253516E-7
6.177059730771857E-13
3.312032036356675E-6
6.17705973277051E-13
-4.1553807202402833E-7
6.177059730771857E-13
3.597115579564913E-6
6.17705973277051E-13
6.168636395278657E-7
6.177059730771857E-13
6.3917126231938535E-6
6.17705973277051E-13
-6.757023604948233E-8
6.177059730771857E-13
3.502416755914835E-6
6.17705973277051E-13
-2.1270171521478492E-7
6.177059730771857E-13
3.3917866417686993E-6
6.17705973277051E-13
-4.796154234213382E-7
6.177059730771857E-13
3.1602952475146698E-6
6.17705973277051E-13
-4.255092529507395E-7
6.177059730771857E-13
3.4306701485427247E-6
6.17705973277051E-13
-2.7012945297895734E-7
6.177059730771857E-13
3.299417512168556E-6
6.17705973277051E-13
-3.6301850078862975E-7
6.177059730771857E-13
3.241356369013541E-6
6.17705973277051E-13
-5.607449709160244E-7
6.177059730771857E-13
3.1029417485290036E-6
6.17705973277051E-13
-3.807291955119115E-7
6.177059730771857E-13
3.6856848489838286E-6
6.17705973277051E-13
-4.7359104807100215E-7
6.177059730771857E-13
3.07974255796344E-6
6.17705973277051E-13
-5.692159064263861E-7
6.177059730771857E-13
3.0060194181605793E-6
6.17705973277051E-13
-7.868276408457365E-7
6.177059730771857E-13
2.8227199245210307E-6
6.17705973277051E-13
-7.337269864593018E-7
6.177059730771857E-13
3.0305110439125755E-6
6.17705973277051E-13
-4.882663511991323E-7
6.177059730771857E-13
3.087218698792508E-6
6.17705973277051E-13
-5.056651989178905E-7
6.177059730771857E-13
3.11131168236487E-6
6.17705973277051E-13
-5.721882537927898E-7
6.177059730771857E-13
3.1688105229137477E-6
6.17705973277051E-13
-8.186565069511984E-8
6.177059730771857E-13
4.573767342794729E-6
6.17705973277051E-13
-2.9744921865010205E-7
6.177059730771857E-13
3.2125548307433292E-6
6.17705973277051E-13
-4.3586899441199545E-7
6.177059730771857E-13
3.0827760169909275E-6
6.17705973277051E-13
-6.975635124379996E-7
6.177059730771857E-13
2.8492562986466746E-6
6.17705973277051E-13
-7.400709276174209E-7
6.177059730771857E-13
2.898517065396276E-6
6.17705973277051E-13
-5.374559637855301E-7
6.177059730771857E-13
2.9767187266094133E-6
6.17705973277051E-13
-6.509888454798759E-7
6.177059730771857E-13
2.867098639873292E-6
6.17705973277051E-13
-8.817312637596993E-7
6.177059730771857E-13
2.6739485121213427E-6
6.17705973277051E-13
-8.729500687302159E-7
6.177059730771857E-13
2.860236948552655E-6
6.17705973277051E-13
-8.103092597353813E-7
6.177059730771857E-13
2.6879212193415137E-6
6.17705973277051E-13
-9.439030460288711E-7
6.177059730771857E-13
2.546247918323434E-6
6.17705973277051E-13
-1.2109054403960541E-6
6.177059730771857E-13
2.2970680643362414E-6
6.17705973277051E-13
-1.3136828735916324E-6
6.177059730771857E-13
2.2242207109710256E-6
6.17705973277051E-13
-1.1317752577632187E-6
6.177059730771857E-13
2.3294194333811383E-6
6.17705973277051E-13
-1.3407357765159639E-6
6.177059730771857E-13
2.0706258080863293E-6
6.17705973277051E-13
-1.7814462167939053E-6
6.177059730771857E-13
1.5248529134839467E-6
6.17705973277051E-13
-2.4852557333282125E-6
6.177059730771857E-13
-2.150426654098273E-7
6.17705973277051E-13
-1.351412160662755E-7
6.177059730771857E-13
3.3588368627732543E-6
6.17705973277051E-13
-2.5141809806576183E-7
6.177059730771857E-13
3.2282362045362243E-6
6.17705973277051E-13
-4.909378283577958E-7
6.177059730771857E-13
3.00914441493671E-6
6.17705973277051E-13
-5.890421180573645E-7
6.177059730771857E-13
2.903591504163087E-6
6.17705973277051E-13
-3.253960446715658E-7
6.177059730771857E-13
3.168944165027646E-6
6.17705973277051E-13
-4.310378504599202E-7
6.177059730771857E-13
3.04391050730908E-6
6.17705973277051E-13
-6.588225969571657E-7
6.177059730771857E-13
2.83743720345057E-6
6.17705973277051E-13
-7.526367285233266E-7
6.177059730771857E-13
2.7416191370028833E-6
6.17705973277051E-13
-5.200565765311817E-7
6.177059730771857E-13
2.9678644101514074E-6
6.17705973277051E-13
-6.30008100199589E-7
6.177059730771857E-13
2.8322675811290586E-6
6.17705973277051E-13
-8.653516767965643E-7
6.177059730771857E-13
2.6125441629205375E-6
6.17705973277051E-13
-9.962751704042922E-7
6.177059730771857E-13
2.4283817685518236E-6
6.17705973277051E-13
-7.161288160918523E-7
6.177059730771857E-13
2.7637283965761137E-6
6.17705973277051E-13
-8.354327231108166E-7
6.177059730771857E-13
2.6101241387988917E-6
6.17705973277051E-13
-1.0902482236274306E-6
6.177059730771857E-13
2.3570385669346195E-6
6.17705973277051E-13
-1.2975645585995126E-6
6.177059730771857E-13
1.974138838579944E-6
6.17705973277051E-13
-3.417126712905995E-7
6.177059730771857E-13
3.1280854106917608E-6
6.17705973277051E-13
-4.722722191792318E-7
6.177059730771857E-13
2.962171411832326E-6
6.17705973277051E-13
-7.282971209165574E-7
6.177059730771857E-13
2.717948296571659E-6
6.17705973277051E-13
-9.134516623348779E-7
6.177059730771857E-13
2.4367901219371697E-6
6.17705973277051E-13
-6.404064780957023E-7
6.177059730771857E-13
2.817482333107903E-6
6.17705973277051E-13
-7.896227956153506E-7
6.177059730771857E-13
2.6242474713320523E-6
6.17705973277051E-13
-1.073908120771003E-6
6.177059730771857E-13
2.341115981020797E-6
6.17705973277051E-13
-1.3293868769584599E-6
6.177059730771857E-13
1.9166542565532894E-6
6.17705973277051E-13
-1.0332977026528043E-6
6.177059730771857E-13
2.3976844136748125E-6
6.17705973277051E-13
-1.2344633931484555E-6
6.177059730771857E-13
2.1385977398165746E-6
6.17705973277051E-13
-1.5906260170769982E-6
6.177059730771857E-13
1.7698297915686549E-6
6.17705973277051E-13
-1.955899288750904E-6
6.177059730771857E-13
1.2313040276013386E-6
6.17705973277051E-13
-1.9003690431383604E-6
6.177059730771857E-13
1.3757076318830294E-6
6.17705973277051E-13
-2.4641116866960198E-6
6.177059730771857E-13
5.948745754969276E-7
6.17705973277051E-13
-3.6058039573684637E-6
6.177059730771857E-13
-1.0852315603503192E-6
6.17705973277051E-13
-6.54254048823513E-6
6.177059730771857E-13
-8.730249984974188E-6
6.17705973277051E-13
-6.249641307395047E-13
6.177059730771857E-13
3.4761783875191443E-6
6.17705973277051E-13
-9.380408738964506E-8
6.177059730771857E-13
3.3293422562952228E-6
6.17705973277051E-13
-3.106928480073215E-7
6.177059730771857E-13
3.1187020592534452E-6
6.17705973277051E-13
-5.171126701316172E-7
6.177059730771857E-13
2.7362279094441744E-6
6.17705973277051E-13
-1.6678544914638782E-7
6.177059730771857E-13
3.2985227219294323E-6
6.17705973277051E-13
-2.788221689625191E-7
6.177059730771857E-13
3.1252922577226175E-6
6.17705973277051E-13
-5.245345983591979E-7
6.177059730771857E-13
2.869808917926706E-6
6.17705973277051E-13
-8.236942976240344E-7
6.177059730771857E-13
2.2528042144894225E-6
6.17705973277051E-13
-3.285539485433389E-7
6.177059730771857E-13
3.133451416540869E-6
6.17705973277051E-13
-4.4278549334381265E-7
6.177059730771857E-13
2.9551532819467185E-6
6.17705973277051E-13
-6.840530773272609E-7
6.177059730771857E-13
2.7134193653107975E-6
6.17705973277051E-13
-9.540959185118139E-7
6.177059730771857E-13
2.2203291466542358E-6
6.17705973277051E-13
-6.334288757247605E-7
6.177059730771857E-13
2.792717698682297E-6
6.17705973277051E-13
-8.264201457978737E-7
6.177059730771857E-13
2.502031163970468E-6
6.17705973277051E-13
-1.2263582132385882E-6
6.177059730771857E-13
2.000006209156786E-6
6.17705973277051E-13
-2.007887593489326E-6
6.177059730771857E-13
1.1859231202837484E-7
6.17705973277051E-13
-5.3277443183168546E-8
6.177059730771857E-13
3.4104067625925357E-6
6.17705973277051E-13
-1.56835810603322E-7
6.177059730771857E-13
3.2346363751482327E-6
6.17705973277051E-13
-3.8393017664628193E-7
6.177059730771857E-13
3.006095116186561E-6
6.17705973277051E-13
-6.661718482692189E-7
6.177059730771857E-13
2.4633516891229057E-6
6.17705973277051E-13
-2.9720963087038594E-7
6.177059730771857E-13
3.146738544998403E-6
6.17705973277051E-13
-4.3975703662262937E-7
6.177059730771857E-13
2.9203349130287637E-6
6.17705973277051E-13
-7.252886169706604E-7
6.177059730771857E-13
2.6067794110366182E-6
6.17705973277051E-13
-1.1643919516477358E-6
6.177059730771857E-13
1.6854630060720555E-6
6.17705973277051E-13
-5.772533304934022E-7
6.177059730771857E-13
2.8529763709780512E-6
6.17705973277051E-13
-7.466390849618314E-7
6.177059730771857E-13
2.5928470826890154E-6
6.17705973277051E-13
-1.0590417650774863E-6
6.177059730771857E-13
2.260738543764183E-6
6.17705973277051E-13
-1.4942376557715716E-6
6.177059730771857E-13
1.49500062779466E-6
6.17705973277051E-13
-1.2879533272199833E-6
6.177059730771857E-13
2.021233579131515E-6
6.17705973277051E-13
-1.7407254789225858E-6
6.177059730771857E-13
1.3579508320159686E-6
6.17705973277051E-13
-2.6511853717917824E-6
6.177059730771857E-13
3.471094901713513E-8
6.17705973277051E-13
-5.022812187138736E-6
6.177059730771857E-13
-6.055479826307961E-6
6.17705973277051E-13
-3.802458960771611E-8
6.177059730771857E-13
3.4366514917311537E-6
6.17705973277051E-13
-1.1203126648714397E-7
6.177059730771857E-13
3.2701612989375156E-6
6.17705973277051E-13
-3.08468314679883E-7
6.177059730771857E-13
3.064883516000947E-6
6.17705973277051E-13
-6.297482878763486E-7
6.177059730771857E-13
2.3914434990966897E-6
6.17705973277051E-13
-1.9201935610343542E-7
6.177059730771857E-13
3.258944874511672E-6
6.17705973277051E-13
-3.1524239643841993E-7
6.177059730771857E-13
3.030029205951715E-6
6.17705973277051E-13
-5.845101304242761E-7
6.177059730771857E-13
2.716818554134494E-6
6.17705973277051E-13
-1.109869512266135E-6
6.177059730771857E-13
1.530295540505092E-6
6.17705973277051E-13
-3.327309235105537E-7
6.177059730771857E-13
3.116989136819872E-6
6.17705973277051E-13
-4.58012173531854E-7
6.177059730771857E-13
2.8848392173618725E-6
6.17705973277051E-13
-7.126472374795493E-7
6.177059730771857E-13
2.6108888887823275E-6
6.17705973277051E-13
-1.1465950397563562E-6
6.177059730771857E-13
1.7608898729994087E-6
6.17705973277051E-13
-7.887337313645412E-7
6.177059730771857E-13
2.590662242292341E-6
6.17705973277051E-13
-1.0778527821733386E-6
6.177059730771857E-13
2.1298334088621885E-6
6.17705973277051E-13
-1.659001704875611E-6
6.177059730771857E-13
1.323345391018626E-6
6.17705973277051E-13
-3.128239475975568E-6
6.177059730771857E-13
-2.3371245685844445E-6
6.17705973277051E-13
-2.4378829549572365E-8
6.177059730771857E-13
3.4458843401255352E-6
6.17705973277051E-13
-1.1264217727419456E-7
6.177059730771857E-13
3.2404819703440035E-6
6.17705973277051E-13
-3.239452088242362E-7
6.177059730771857E-13
3.010229423369632E-6
6.17705973277051E-13
-7.471814391806331E-7
6.177059730771857E-13
2.122185926595584E-6
6.17705973277051E-13
-2.8648072299386577E-7
6.177059730771857E-13
3.1486383659363673E-6
6.17705973277051E-13
-4.54287091458516E-7
6.177059730771857E-13
2.844774187966851E-6
6.17705973277051E-13
-7.815737668576867E-7
6.177059730771857E-13
2.44813217276733E-6
6.17705973277051E-13
-1.5051191469426697E-6
6.177059730771857E-13
8.336684548289245E-7
6.17705973277051E-13
-6.035672093433676E-7
6.177059730771857E-13
2.8162714352301917E-6
6.17705973277051E-13
-8.144644122315465E-7
6.177059730771857E-13
2.4600873882725497E-6
6.17705973277051E-13
-1.1812581545422024E-6
6.177059730771857E-13
2.0449097240707364E-6
6.17705973277051E-13
-1.8692005378092508E-6
6.177059730771857E-13
7.81006085603703E-7
6.17705973277051E-13
-1.7002873729047858E-6
6.177059730771857E-13
1.5145485863722773E-6
6.17705973277051E-13
-2.413479744216206E-6
6.177059730771857E-13
4.4946628569576926E-7
6.17705973277051E-13
-3.834200829350302E-6
6.177059730771857E-13
-1.7080258985530898E-6
6.17705973277051E-13
-7.92554451376135E-6
6.177059730771857E-13
-1.232359712675654E-5
6.17705973277051E-13
6.756898612122085E-8
6.177059730771857E-13
3.5970679824914747E-6
6.17705973277051E-13
2.3053877108370116E-8
6.177059730771857E-13
3.4132479904003882E-6
6.17705973277051E-13
-1.4304891001147205E-7
6.177059730771857E-13
3.2316221029791176E-6
6.17705973277051E-13
-6.312260349960961E-7
6.177059730771857E-13
2.162910154565927E-6
6.17705973277051E-13
-5.513332601018331E-8
6.177059730771857E-13
3.4909378433238856E-6
6.17705973277051E-13
-1.8820392702161288E-7
6.177059730771857E-13
3.141834871587831E-6
6.17705973277051E-13
-4.878396933881804E-7
6.177059730771857E-13
2.7232500615361543E-6
6.17705973277051E-13
-1.3579525754219488E-6
6.177059730771857E-13
6.376041813056153E-7
6.17705973277051E-13
-1.243716149719641E-7
6.177059730771857E-13
3.332039171775673E-6
6.17705973277051E-13
-2.586217039593564E-7
6.177059730771857E-13
3.0114385406009124E-6
6.17705973277051E-13
-5.229086035702316E-7
6.177059730771857E-13
2.686397568570476E-6
6.17705973277051E-13
-1.214772754245806E-6
6.177059730771857E-13
1.2478693653765499E-6
6.17705973277051E-13
-7.942330451186138E-7
6.177059730771857E-13
2.4972219760455154E-6
6.17705973277051E-13
-1.2327555633879129E-6
6.177059730771857E-13
1.7478493532777944E-6
6.17705973277051E-13
-2.1112817280591053E-6
6.177059730771857E-13
4.181395319751812E-7
6.17705973277051E-13
-4.770243147537324E-6
6.177059730771857E-13
-6.367314857629246E-6
6.17705973277051E-13
3.1915542003442344E-7
6.177059730771857E-13
3.7592904599801763E-6
6.17705973277051E-13
2.7902756603765383E-7
6.177059730771857E-13
3.5136422691830976E-6
6.17705973277051E-13
1.2642045204504202E-7
6.177059730771857E-13
3.301566854869248E-6
6.17705973277051E-13
-5.304827957829124E-7
6.177059730771857E-13
1.7861513430055503E-6
6.17705973277051E-13
1.1691329494633654E-7
6.177059730771857E-13
3.465959661370519E-6
6.17705973277051E-13
-6.142408395447237E-8
6.177059730771857E-13
3.0392369385754327E-6
6.17705973277051E-13
-4.2164090138045104E-7
6.177059730771857E-13
2.518099162866076E-6
6.17705973277051E-13
-1.6643776501149446E-6
6.177059730771857E-13
-4.532739040790838E-7
6.17705973277051E-13
-6.976735678461171E-8
6.177059730771857E-13
3.2294277182741633E-6
6.17705973277051E-13
-2.905023899788981E-7
6.177059730771857E-13
2.7445849940964744E-6
6.17705973277051E-13
-6.631696807250939E-7
6.177059730771857E-13
2.259372186223545E-6
6.17705973277051E-13
-1.7637400223605377E-6
6.177059730771857E-13
4.806314888095572E-8
6.17705973277051E-13
-1.5162569004684015E-6
6.177059730771857E-13
1.4249287855085868E-6
6.17705973277051E-13
-2.5029975063574255E-6
6.177059730771857E-13
-1.5845246528471582E-7
6.17705973277051E-13
-4.47664440158525E-6
6.177059730771857E-13
-3.300952516403527E-6
6.17705973277051E-13
-1.0795457943171865E-5
6.177059730771857E-13
-1.9830728152661452E-5
6.17705973277051E-13
1.3513996613801403E-7
6.177059730771857E-13
3.4870681631347276E-6
6.17705973277051E-13
1.7516644151139107E-7
6.177059730771857E-13
3.2249263181847055E-6
6.17705973277051E-13
1.2607356911782312E-7
6.177059730771857E-13
3.071664640137195E-6
6.17705973277051E-13
-7.760119239264689E-7
6.177059730771857E-13
8.356868211856722E-7
6.17705973277051E-13
1.2765449591066387E-7
6.177059730771857E-13
3.3348345391144505E-6
6.17705973277051E-13
-2.8278261952543716E-8
6.177059730771857E-13
2.794401522855565E-6
6.17705973277051E-13
-3.761619459359294E-7
6.177059730771857E-13
2.1668061357134233E-6
6.17705973277051E-13
-2.249322325180921E-6
6.177059730771857E-13
-2.5675194717225013E-6
6.17705973277051E-13
3.72693531953106E-7
6.177059730771857E-13
3.51200353772547E-6
6.17705973277051E-13
2.384806707855029E-7
6.177059730771857E-13
2.955762929953909E-6
6.17705973277051E-13
4.825481541834949E-9
6.177059730771857E-13
2.529321766738761E-6
6.17705973277051E-13
-1.5261636475844322E-6
6.177059730771857E-13
-9.145900978062702E-7
6.17705973277051E-13
-8.911200622036336E-7
6.177059730771857E-13
1.7695693451695146E-6
6.17705973277051E-13
-1.876067383634862E-6
6.177059730771857E-13
-6.536685703924514E-8
6.17705973277051E-13
-3.8635353590203385E-6
6.177059730771857E-13
-3.4645113063511305E-6
6.17705973277051E-13
-1.1393673052607646E-5
6.177059730771857E-13
-2.338036855639727E-5
6.17705973277051E-13
1.48599953249219E-6
6.177059730771857E-13
4.495383954103003E-6
6.17705973277051E-13
1.7411655206888712E-6
6.177059730771857E-13
4.1195304973293485E-6
6.17705973277051E-13
2.051618826314375E-6
6.177059730771857E-13
4.131011382002182E-6
6.17705973277051E-13
3.621763961336296E-7
6.177059730771857E-13
-6.178941312978139E-7
6.17705973277051E-13
2.128190662611094E-6
6.177059730771857E-13
4.592337463076002E-6
6.17705973277051E-13
2.09133195402415E-6
6.177059730771857E-13
3.5268525624840443E-6
6.17705973277051E-13
1.9479852814570735E-6
6.177059730771857E-13
2.4222454479203196E-6
6.17705973277051E-13
-2.5973876467897127E-6
6.177059730771857E-13
-1.0612602621965091E-5
6.17705973277051E-13
5.4035249607415815E-6
6.177059730771857E-13
7.135015068209541E-6
6.17705973277051E-13
6.3068772129055795E-6
6.177059730771857E-13
6.351667729147405E-6
6.17705973277051E-13
8.189744283261557E-6
6.177059730771857E-13
6.920258816041427E-6
6.17705973277051E-13
5.228600647227775E-6
6.177059730771857E-13
-5.801889807526315E-6
6.17705973277051E-13
1.0990848599104036E-5
6.177059730771857E-13
7.297592882826719E-6
6.17705973277051E-13
1.4886989208735046E-5
6.177059730771857E-13
2.0710006149786924E-6
6.17705973277051E-13
2.9697951604761824E-5
6.177059730771857E-13
-3.534035002960551E-6
6.17705973277051E-13
5.544327412517317E-5
6.177059730771857E-13
-2.709186592546013E-4
6.17705973277051E-13
