0.023668898548971144
0.047304582367677726
0.07087391135473481
0.094343894471967
0.11768176379018172
0.1408550479534643
0.1638316448706954
0.18657989344514914
0.2090686441557134
0.23126732830647906
0.25314602576515743
0.27467553101500153
0.29582741734960594
0.31657409904513706
0.3368888913501791
0.3567460681394582
0.37612091708420925
0.3949897921988575
0.4133301636309825
0.4311206645691914
0.4483411351515305
0.464972663265388
0.48099762213846053
0.4963997046292429
0.5111639541346394
0.5252767920416495
0.538726041659624
0.5515009485793069
0.5635921974147168
0.5749919248938918
0.5856937292745455
0.5956926760707824
0.6049853000871227
0.6135696037661973
0.6214450518665372
0.6286125624968895
0.635074494543401
0.6408346315358037
0.6458981620083704
0.6502716564208855
0.6539630407141223
0.6569815665833644
0.6593377785622737
0.6610434780179112
0.6621116841659089
0.6625565922226528
0.662393528818863
0.6616389048060922
0.6603101655944384
0.6584257391660984
0.6560049819153292
0.6530681224708581
0.6496362036618044
0.6457310227927416
0.6413750703975869
0.636591467645594
0.6314039025757984
0.6258365653388267
0.6199140826270353
0.6136614514754699
0.6071039726171393
0.6002671835765777
0.5931767916856151
0.5858586072047083
0.5783384767320815
0.570642217081318
0.5627955498059165
0.5548240365466968
0.5467530153748177
0.5386075382995567
0.5304123101059255
0.5221916286826493
0.5139693269960536
0.5057687168599847
0.4976125346460624
0.4895228890723432
0.4815212112018654
0.47362820677560746
0.46586381099709423
0.4582471458782937
0.4507964802485611
0.44352919252023726
0.4364617362961208
0.4296096088954311
0.422987322866089
0.4166083805421885
0.4104852516964511
0.4046293543282521
0.39905103861854074
0.39375957407364526
0.38876313987060274
0.3840688184073008
0.37968259205140475
0.3756093430727764
0.3718528567349153
0.3684158275118908
0.3652998683883028
0.3625055231910458
0.3600322818930846
0.3578785988210792
0.3560419136905896
0.3545186753847235
0.3533043683845207
0.3523935417520954
0.351779840560623
0.3514560396586568
0.3514140796500303
0.3516451049647538
0.35213950389086046
0.35288695043212154
0.35387644785193423
0.3550963737595204
0.3565345265908432
0.35817817333338997
0.36001409834117276
0.36202865308397514
0.3642078066730312
0.366537197003964
0.3690021823569386
0.37158789329359165
0.374279284690411
0.37706118774880243
0.37991836182316396
0.3828355459098119
0.3857975096416141
0.38878910363565894
0.3917953090442006
0.394801286162489
0.3977924219508828
0.4007543763328482
0.40367312713505976
0.40653501354081667
0.40932677793334904
0.4120356060113128
0.4146491650648209
0.417155640306726
0.41954376916052627
0.42180287341320066
0.4239228891484548
0.42589439438327026
0.42770863433825473
0.42935754428008494
0.43083376988226696
0.4321306850585244
0.4332424072312845
0.43416381000600013
0.434890533230346
0.43541899042565585
0.43574637358631635
0.4358706553511267
0.43579058855890285
0.43550570320878396
0.4350163008537842
0.4343234464640849
0.4334289578043743
0.4323353923771719
0.4310460319915135
0.4295648650235867
0.42789656644288654
0.4260464756841768
0.42402057245196784
0.42182545055036463
0.4194682898369415
0.4169568264047837
0.41429932110195666
0.411504526502424
0.4085816524468058
0.40554033027536673
0.40239057587918264
0.39914275169861624
0.3958075278009689
0.3923958421714824
0.38891886035375006
0.3853879345770233
0.3818145625088988
0.378210345772411
0.3745869483666602
0.37095605512975866
0.36732933038209725
0.36371837688669834
0.3601346952617745
0.3565896439785235
0.3530944000746804
0.34965992071144497
0.34629690569808
0.34301576110478343
0.3398265640803527
0.33673902898673624
0.33376247495777267
0.33090579498431594
0.3281774266225151
0.3255853244163048
0.32313693411916394
0.3208391687939548
0.31869838686317065
0.31672037217522064
0.31491031614549625
0.31327280202389934
0.31181179133331216
0.310530612516164
0.30943195181881555
0.3085178464359883
0.30778967992991024
0.30724817993127274
0.3068934181215078
0.30672481248834293
0.3067411318390705
0.306940502548534
0.3073204175114771
0.3078777472616786
0.3086087532131995
0.30950910297214446
0.3105738876605973
0.31179764118785214
0.3131743613977564
0.3146975330149123
0.3163601523066983
0.3181547533725442
0.3200734359667042
0.32210789475585083
0.3242494499082808
0.32648907890729334
0.328817449477449
0.3312249535089505
0.3337017418622661
0.33623775993243726
0.3388227838501781
0.3414464571950067
0.34409832809413066
0.3467678865797744
0.34944460207695743
0.35211796089352976
0.354777503584455
0.3574128620629466
0.36001379633210967
0.36257023071217265
0.3650722894402705
0.3675103315219858
0.36987498471652863
0.37215717854046104
0.37434817617831045
0.37643960519218334
0.37842348692664274
0.38029226450957443
0.3820388293545781
0.38365654607551414
0.38513927572924567
0.3864813973082817
0.3876778274109499
0.38872403802290084
0.38961607235010803
0.3903505586501164
0.39092472201502043
0.39133639406656484
0.3915840205307757
0.3916666666666666
0.3915840205307757
0.39133639406656473
0.3909247220150204
0.39035055865011653
0.3896160723501081
0.3887240380229009
0.38767782741095
0.3864813973082818
0.38513927572924567
0.38365654607551414
0.3820388293545782
0.38029226450957443
0.37842348692664285
0.37643960519218334
0.3743481761783105
0.37215717854046104
0.3698749847165287
0.367510331521986
0.3650722894402706
0.36257023071217265
0.3600137963321098
0.3574128620629466
0.35477750358445503
0.35211796089353
0.3494446020769573
0.3467678865797745
0.3440983280941306
0.34144645719500677
0.3388227838501784
0.3362377599324371
0.33370174186226614
0.33122495350895054
0.32881744947744906
0.32648907890729334
0.32424944990828114
0.32210789475585055
0.3200734359667043
0.3181547533725444
0.3163601523066981
0.31469753301491254
0.31317436139775645
0.3117976411878519
0.31057388766059724
0.30950910297214435
0.3086087532131998
0.307877747261679
0.30732041751147693
0.30694050254853394
0.3067411318390705
0.30672481248834305
0.30689341812150783
0.3072481799312727
0.30778967992991
0.3085178464359882
0.30943195181881555
0.3105306125161641
0.3118117913333122
0.31327280202389923
0.31491031614549625
0.3167203721752204
0.31869838686317054
0.3208391687939549
0.3231369341191639
0.32558532441630456
0.3281774266225149
0.3309057949843159
0.3337624749577727
0.33673902898673624
0.3398265640803527
0.34301576110478327
0.34629690569807986
0.34965992071144486
0.3530944000746804
0.35658964397852355
0.36013469526177455
0.36371837688669795
0.36732933038209736
0.3709560551297586
0.3745869483666599
0.3782103457724111
0.3818145625088986
0.38538793457702303
0.38891886035375
0.39239584217148243
0.3958075278009691
0.39914275169861646
0.4023905758791822
0.40554033027536684
0.40858165244680567
0.4115045265024237
0.4142993211019568
0.41695682640478354
0.4194682898369412
0.42182545055036474
0.4240205724519679
0.42604647568417686
0.42789656644288665
0.4295648650235862
0.4310460319915136
0.43233539237717167
0.4334289578043742
0.43432344646408483
0.4350163008537842
0.4355057032087837
0.43579058855890285
0.4358706553511268
0.4357463735863164
0.435418990425656
0.4348905332303458
0.43416381000600035
0.4332424072312842
0.4321306850585245
0.430833769882267
0.42935754428008505
0.42770863433825473
0.42589439438327015
0.42392288914845466
0.42180287341320083
0.4195437691605266
0.4171556403067259
0.41464916506482075
0.4120356060113129
0.40932677793334926
0.40653501354081656
0.4036731271350599
0.40075437633284827
0.397792421950883
0.39480128616248894
0.3917953090442007
0.38878910363565905
0.38579750964161413
0.3828355459098117
0.37991836182316396
0.3770611877488028
0.374279284690411
0.3715878932935919
0.3690021823569383
0.36653719700396414
0.36420780667303143
0.3620286530839752
0.3600140983411729
0.3581781733333899
0.3565345265908431
0.35509637375952036
0.35387644785193456
0.35288695043212154
0.3521395038908608
0.3516451049647536
0.3514140796500303
0.351456039658657
0.351779840560623
0.35239354175209536
0.35330436838452073
0.35451867538472337
0.35604191369058913
0.3578785988210794
0.36003228189308467
0.3625055231910462
0.36529986838830236
0.36841582751189045
0.3718528567349154
0.3756093430727763
0.3796825920514048
0.3840688184073007
0.3887631398706026
0.3937595740736448
0.39905103861854063
0.404629354328252
0.4104852516964512
0.4166083805421882
0.42298732286608864
0.4296096088954312
0.4364617362961208
0.44352919252023704
0.4507964802485607
0.4582471458782936
0.46586381099709373
0.47362820677560746
0.48152121120186536
0.48952288907234326
0.49761253464606214
0.5057687168599841
0.5139693269960535
0.5221916286826492
0.5304123101059253
0.5386075382995563
0.5467530153748178
0.5548240365466964
0.5627955498059164
0.570642217081318
0.5783384767320814
0.5858586072047081
0.5931767916856147
0.6002671835765774
0.6071039726171396
0.6136614514754698
0.6199140826270352
0.6258365653388269
0.631403902575798
0.636591467645594
0.6413750703975869
0.6457310227927417
0.6496362036618044
0.6530681224708578
0.656004981915329
0.6584257391660985
0.6603101655944386
0.6616389048060923
0.6623935288188634
0.6625565922226528
0.662111684165909
0.6610434780179113
0.6593377785622738
0.6569815665833645
0.6539630407141223
0.6502716564208854
0.6458981620083704
0.640834631535804
0.6350744945434013
0.6286125624968898
0.6214450518665372
0.6135696037661975
0.6049853000871228
0.5956926760707826
0.5856937292745458
0.574991924893892
0.5635921974147169
0.5515009485793066
0.5387260416596246
0.5252767920416498
0.5111639541346399
0.496399704629243
0.480997622138461
0.4649726632653883
0.4483411351515306
0.4311206645691919
0.4133301636309826
0.39498979219885766
0.37612091708420914
0.35674606813945897
0.33688889135017963
0.31657409904513767
0.29582741734960616
0.274675531015002
0.2531460257651578
0.2312673283064794
0.20906864415571402
0.18657989344514933
0.16383164487069574
0.1408550479534642
0.11768176379018266
0.09434389447196753
0.0708739113547355
0.04730458236767804
0.02366889854897169
4.725095566710204E-16
