3.7419172276709E-25
262141.06498916805
3.7419172276709E-25
29125.549829581105
3.7419172276709E-25
10484.162591606862
3.7419172276709E-25
5348.33248940315
3.7419172276709E-25
3234.7871885708214
3.7419172276709E-25
2164.9371906984284
3.7419172276709E-25
1549.5987575155568
3.7419172276709E-25
1163.5425195748019
3.7419172276709E-25
905.5282049998764
3.7419172276709E-25
724.6207342255417
3.7419172276709E-25
592.8882207501632
3.7419172276709E-25
494.0067247080201
3.7419172276709E-25
417.8888599513482
3.7419172276709E-25
358.0546090240658
3.7419172276709E-25
310.16432557868677
3.7419172276709E-25
271.2431636942376
3.7419172276709E-25
239.18008870763052
3.7419172276709E-25
212.45663599746402
3.7419172276709E-25
189.9464868760635
3.7419172276709E-25
170.81168280328347
3.7419172276709E-25
154.4065830016506
3.7419172276709E-25
140.23841355981367
3.7419172276709E-25
127.9156533415984
3.7419172276709E-25
117.13355750986346
3.7419172276709E-25
107.64370758340942
3.7419172276709E-25
99.24919583419694
3.7419172276709E-25
91.785971101677
3.7419172276709E-25
85.12299175705165
3.7419172276709E-25
79.14819615429558
3.7419172276709E-25
73.77147412435879
3.7419172276709E-25
68.91413166627378
3.7419172276709E-25
64.51252844892663
3.7419172276709E-25
60.51106328438486
3.7419172276709E-25
56.8627848191034
3.7419172276709E-25
53.52651296132522
3.7419172276709E-25
50.46882990991003
3.7419172276709E-25
47.65850933040702
3.7419172276709E-25
45.070561549513464
3.7419172276709E-25
42.68118477252795
3.7419172276709E-25
40.47144920369423
3.7419172276709E-25
38.42304307908276
3.7419172276709E-25
36.521345626077206
3.7419172276709E-25
34.75192933019079
3.7419172276709E-25
33.1035320953711
3.7419172276709E-25
31.564713994123437
3.7419172276709E-25
30.126618138540543
3.7419172276709E-25
28.779979119592817
3.7419172276709E-25
27.51783112734493
3.7419172276709E-25
26.332790920695984
3.7419172276709E-25
25.219127404788992
3.7419172276709E-25
24.170716938626565
3.7419172276709E-25
23.183079030011168
3.7419172276709E-25
22.251122290495662
3.7419172276709E-25
21.37123394477004
3.7419172276709E-25
20.539121136349213
3.7419172276709E-25
19.751851774638457
3.7419172276709E-25
19.005865641707143
3.7419172276709E-25
18.298685378851104
3.7419172276709E-25
17.627304687297535
3.7419172276709E-25
16.98972159313224
3.7419172276709E-25
16.38331695393601
3.7419172276709E-25
15.806509337427878
3.7419172276709E-25
15.256978997049917
3.7419172276709E-25
14.733245338974344
3.7419172276709E-25
14.23410780361747
3.7419172276709E-25
13.757543149940194
3.7419172276709E-25
13.302186794684733
3.7419172276709E-25
12.86711907519877
3.7419172276709E-25
12.45084906364161
3.7419172276709E-25
12.052626448625587
3.7419172276709E-25
11.671108574599216
3.7419172276709E-25
11.305658602869784
3.7419172276709E-25
10.955173474451824
3.7419172276709E-25
10.619054720186885
3.7419172276709E-25
10.296288388652872
3.7419172276709E-25
9.98643388416104
3.7419172276709E-25
9.688564007582873
3.7419172276709E-25
9.402327370613508
3.7419172276709E-25
9.126872522893763
3.7419172276709E-25
8.861882551289286
3.7419172276709E-25
8.606702483976553
3.7419172276709E-25
8.360981740952152
3.7419172276709E-25
8.124069036318872
3.7419172276709E-25
7.895768585438947
3.7419172276709E-25
7.675460341329553
3.7419172276709E-25
7.462997907117082
3.7419172276709E-25
7.257799160164945
3.7419172276709E-25
7.059728662714049
3.7419172276709E-25
6.868308099772293
3.7419172276709E-25
6.683398864300065
3.7419172276709E-25
6.504532167446566
3.7419172276709E-25
6.331632213186886
3.7419172276709E-25
6.164270689600919
3.7419172276709E-25
6.002377006804368
3.7419172276709E-25
5.845559684343517
3.7419172276709E-25
5.6937179569752745
3.7419172276709E-25
5.546680025354681
3.7419172276709E-25
5.404181632996611
3.7419172276709E-25
5.265978736307313
3.7419172276709E-25
5.132038809884312
3.7419172276709E-25
5.002049845580435
3.7419172276709E-25
4.876008634806092
3.7419172276709E-25
4.753606526788554
3.7419172276709E-25
4.634858986221372
3.7419172276709E-25
4.519497386694072
3.7419172276709E-25
4.40750492649928
3.7419172276709E-25
4.298641672313544
3.7419172276709E-25
4.192902413009232
3.7419172276709E-25
4.090066649891569
3.7419172276709E-25
3.9901410332907723
3.7419172276709E-25
3.8929048220799167
3.7419172276709E-25
3.7983756734902556
3.7419172276709E-25
3.7063778384467367
3.7419172276709E-25
3.6168942215309277
3.7419172276709E-25
3.529738890743831
3.7419172276709E-25
3.444944695110962
3.7419172276709E-25
3.3623133492042614
3.7419172276709E-25
3.2818922361231637
3.7419172276709E-25
3.203495578648394
3.7419172276709E-25
3.1271579974439696
3.7419172276709E-25
2.8764177263162414
3.7419172276709E-25
2.8060217610364377
3.7419172276709E-25
2.7373665777376757
3.7419172276709E-25
2.6704888186577547
3.7419172276709E-25
2.605249160424589
3.7419172276709E-25
2.541686120452188
3.7419172276709E-25
2.4796420145261586
3.7419172276709E-25
2.4191228915661345
3.7419172276709E-25
2.360209613963643
3.7419172276709E-25
2.3026715471683974
3.7419172276709E-25
2.246484589770281
3.7419172276709E-25
2.1916957139920163
3.7419172276709E-25
2.1381770656169987
3.7419172276709E-25
2.085976010672658
3.7419172276709E-25
2.0349712752508062
3.7419172276709E-25
1.985195869603788
3.7419172276709E-25
1.9365638663954101
3.7419172276709E-25
1.8890922820705704
3.7419172276709E-25
1.8426945773447552
3.7419172276709E-25
1.7973952400706477
3.7419172276709E-25
1.7531068772648923
3.7419172276709E-25
1.709858465251989
3.7419172276709E-25
1.6675563808205014
3.7419172276709E-25
1.6262507864248767
3.7419172276709E-25
1.5858569228358623
3.7419172276709E-25
1.5463958107717497
3.7419172276709E-25
1.5077788533337049
3.7419172276709E-25
1.4700578103735613
3.7419172276709E-25
1.433147779483901
3.7419172276709E-25
1.3970796625321882
3.7419172276709E-25
1.361776268035907
3.7419172276709E-25
1.3272712400827118
3.7419172276709E-25
1.2935078297674494
3.7419172276709E-25
1.260500735662164
3.7419172276709E-25
1.2281860584907376
3.7419172276709E-25
1.1965961423280898
3.7419172276709E-25
1.1656672614561283
3.7419172276709E-25
1.1354283288933058
3.7419172276709E-25
1.1058147546842358
3.7419172276709E-25
1.0768458084764598
3.7419172276709E-25
1.0485221263784912
3.7419172276709E-25
1.0208012334360341
3.7419172276709E-25
0.9936465686160887
3.7419172276709E-25
0.9670958536202383
3.7419172276709E-25
0.9410878483905941
3.7419172276709E-25
0.9156534975127525
3.7419172276709E-25
0.8907380020324043
3.7419172276709E-25
0.8663698261918336
3.7419172276709E-25
0.842505503153891
3.7419172276709E-25
0.8191621069012748
3.7419172276709E-25
0.796299583867978
3.7419172276709E-25
0.7739304376216486
3.7419172276709E-25
0.7520224571452258
3.7419172276709E-25
0.7305929925658183
3.7419172276709E-25
0.7096015209928395
3.7419172276709E-25
0.6890698017037922
3.7419172276709E-25
0.6689667832157936
3.7419172276709E-25
0.6493034718626657
3.7419172276709E-25
0.6300403657442625
3.7419172276709E-25
0.6112015419536618
3.7419172276709E-25
0.5927508819601782
3.7419172276709E-25
0.5747115879679562
3.7419172276709E-25
0.5570433537098276
3.7419172276709E-25
0.5397674437297393
3.7419172276709E-25
0.5228542870497794
3.7419172276709E-25
0.5063164430128693
3.7419172276709E-25
0.4901251558349736
3.7419172276709E-25
0.47429850844042615
3.7419172276709E-25
0.4588030631797346
3.7419172276709E-25
0.44365940502252527
3.7419172276709E-25
0.4288377275438508
3.7419172276709E-25
0.41434107689440025
3.7419172276709E-25
0.40019791800712745
3.7419172276709E-25
0.38635735096987134
3.7419172276709E-25
0.3728176283322828
3.7419172276709E-25
0.3595937991132566
3.7419172276709E-25
0.346661602859293
3.7419172276709E-25
0.33403517873165384
3.7419172276709E-25
0.3216913216623418
3.7419172276709E-25
0.30964300286480123
3.7419172276709E-25
0.29787323843171326
3.7419172276709E-25
0.2863869872679738
3.7419172276709E-25
0.27516619332652814
3.7419172276709E-25
0.2642261874417597
3.7419172276709E-25
0.25354009788918036
3.7419172276709E-25
0.24312812822265426
3.7419172276709E-25
0.23296625763053083
3.7419172276709E-25
0.22306429138758915
3.7419172276709E-25
0.21341396407119834
3.7419172276709E-25
0.2040142194671961
3.7419172276709E-25
0.19485315275984647
3.7419172276709E-25
0.18594108614178204
3.7419172276709E-25
0.17725954369017452
3.7419172276709E-25
0.16882375142170067
3.7419172276709E-25
0.16061108711664954
3.7419172276709E-25
0.1526363879746836
3.7419172276709E-25
0.14488348469281806
3.7419172276709E-25
0.13736144768508274
3.7419172276709E-25
0.1300562865169736
3.7419172276709E-25
0.12297485769293413
3.7419172276709E-25
0.11610780172607513
3.7419172276709E-25
0.10945985192102554
3.7419172276709E-25
0.10301853434759092
3.7419172276709E-25
0.09679097542247068
3.7419172276709E-25
0.09077984147283193
3.7419172276709E-25
0.08497202660988604
3.7419172276709E-25
0.07936547640412919
3.7419172276709E-25
0.07396702503140161
3.7419172276709E-25
0.06876437151468007
3.7419172276709E-25
0.06376641195010174
3.7419172276709E-25
0.058963257218551036
3.7419172276709E-25
0.05436072922211454
3.7419172276709E-25
0.04994967332994433
3.7419172276709E-25
0.04573756840562194
3.7419172276709E-25
0.04171267436154369
3.7419172276709E-25
0.03788353766875744
3.7419172276709E-25
0.0342405515746159
3.7419172276709E-25
0.030790409130239088
3.7419172276709E-25
0.02752453880064054
3.7419172276709E-25
0.0244474864653602
3.7419172276709E-25
0.02155605334341059
3.7419172276709E-25
0.0188510323745254
3.7419172276709E-25
0.01632804083490821
3.7419172276709E-25
0.013989914221150566
3.7419172276709E-25
0.011832876664580183
3.7419172276709E-25
0.009859514777006834
3.7419172276709E-25
0.008066527881832085
3.7419172276709E-25
0.006454758614332041
3.7419172276709E-25
0.0050231594123980195
3.7419172276709E-25
0.003771786450487785
3.7419172276709E-25
0.0026993524253112666
3.7419172276709E-25
0.0018068380611380498
3.7419172276709E-25
0.0010925509751371764
3.7419172276709E-25
5.57472616087213E-4
3.7419172276709E-25
2.0050420226682967E-4
3.7419172276709E-25
2.212626996775886E-5
