2.704022960632901E-4
0.012269332012515463
0.02452608221604341
0.03675771912877354
0.04895209197348451
0.06109657325050535
0.07317955124904005
0.08518771669044548
0.09710971867703555
0.10893300438613415
0.12064688326880496
0.13223779667537316
0.14369544966905257
0.1550075933634817
0.1661647022180859
0.17715322859084068
0.1879642423031981
0.1985858729469532
0.209010054951324
0.21922350205248814
0.22921866767089774
0.23898464472097547
0.24851483510021072
0.25779644863298395
0.26682356291858317
0.2755863006445253
0.2840797531579005
0.2922918402514256
0.3002184474199332
0.30785081495057937
0.31518588637875133
0.32221247999126074
0.3289284799116346
0.33532621223321446
0.34140464296951356
0.3471536482919168
0.35257295325970495
0.35765652134234477
0.3624051638338574
0.36680994210774
0.3708725215439777
0.37458842505806095
0.3779603867973126
0.3809807465213009
0.38365315942670175
0.3859746109340613
0.3879497851605708
0.3895723581893387
0.39084800384338053
0.3917749937684966
0.3923599710272143
0.3925979705550249
0.39249634169894904
0.39205509558218093
0.39128247171384
0.3901748517854485
0.38874120736378454
0.3869830533066696
0.38491015501347803
0.3825201958742963
0.3798236791811903
0.3768233631007712
0.37353043277281506
0.3699437977762315
0.3660755336384365
0.3619290284198979
0.35751691728823076
0.3528392333054733
0.34790884123124155
0.34273072628165047
0.33731817570265876
0.33167222005306
0.3258065104500965
0.31972696983449383
0.3134475298817816
0.306970073790399
0.3003088589339124
0.2934704006778583
0.2864690917025088
0.279307508932956
0.2720002988954102
0.2645542723393549
0.2569840669680627
0.24929278552139741
0.24149502464750972
0.23359803625498626
0.22561626286292366
0.21755316126892563
0.20942307117944625
0.20123337333141478
0.19299811517875917
0.18472093707083626
0.17641573517695133
0.1680896944834995
0.15975629062112368
0.15141918313816366
0.1430916174158576
0.13478034362338834
0.12649807126532364
0.11824832545893754
0.11004336985870206
0.10188959307689052
0.09379861729432329
0.08577369440194489
0.07782595665228358
0.06996120858421938
0.06218985254937657
0.05451474679481151
0.0469457786298729
0.03948795669964581
0.03215036877794001
0.024935380316137984
0.017851501382785576
0.010902861611939329
0.004097122016098119
-0.0025639204724654313
-0.00907325159496461
-0.015427628023885316
-0.021620919521264895
-0.027651948584606713
-0.03351524753007375
-0.03920850818255458
-0.044727160951890985
-0.05007067326906769
-0.05523512170483176
-0.06021918749369555
-0.06501983902445531
-0.0696371889633267
-0.07406891977124634
-0.07831453442594748
-0.08237257705733247
-0.08624378163757783
-0.08992725211799804
-0.09342352618369777
-0.09673253526399385
-0.09985558818790406
-0.10279319766619545
-0.10554673801552504
-0.10811749412692737
-0.11050728305675447
-0.11271791786673804
-0.11475152163740814
-0.11661060988354957
-0.11829742400264633
-0.11981499062963033
-0.12116598466411127
-0.12235405378949728
-0.1233817659839001
-0.1242531214348742
-0.1249714007393438
-0.1255411377075002
-0.12596511899930454
-0.1262481900841936
-0.12639403203066799
-0.12640792974894322
-0.12629277449389645
-0.1260540971672844
-0.1256958127541508
-0.1252237934201561
-0.12464091878924603
-0.1239532757005071
-0.12316477568460783
-0.12228174766393536
-0.12130694527634191
-0.12024671837775666
-0.1191050670540699
-0.11788848788385052
-0.11659949988642548
-0.1152445880021365
-0.11382762362058353
-0.11235514689342606
-0.11082934286664456
-0.10925669291611298
-0.10764077486271441
-0.10598804012441776
-0.10430025286350215
-0.10258379147413871
-0.10084173878148188
-0.09908036704174647
-0.09730094774110458
-0.09550950201131601
-0.09370877886554195
-0.09190462726066836
-0.09009777143806497
-0.08829381206913717
-0.08649500308007892
-0.08470671865476291
-0.08292909991430819
-0.08116726696650207
-0.07942287722833669
-0.0777007823688596
-0.07600052400942137
-0.07432677338931032
-0.07268037516965394
-0.07106570347979496
-0.06948170367109047
-0.06793233879960962
-0.0664180779504829
-0.06494257078101853
-0.06350418865089733
-0.062106267119656035
-0.06074872513989561
-0.05943458149599185
-0.058161673654285796
-0.05693274567762442
-0.05574714730553968
-0.05460731447857494
-0.053510606860890556
-0.05245923985027498
-0.05145198129139901
-0.05049075858888268
-0.049572523321170785
-0.04869891780615723
-0.04786838505015557
-0.04708230775551727
-0.04633730993627999
-0.04563456071870359
-0.04497218954577298
-0.04435114277716244
-0.043767805011436546
-0.043222977101140474
-0.0427145112613868
-0.04224302868329116
-0.041804766906449575
-0.04140027484587329
-0.0410271643785705
-0.040685852671596905
-0.04037252322527905
-0.04008748685631098
-0.03982837156175729
-0.03959540502603981
-0.03938480684509863
-0.039196774917419845
-0.039028986080318954
-0.038881604514645146
-0.03875096973403495
-0.038637284683325154
-0.038538312511276755
-0.038454270173667635
-0.03838169142034098
-0.038320892116057735
-0.0382697584637734
-0.03822866465078381
-0.03819440063722358
-0.03816741354374338
-0.03814589870801882
-0.03813040003208058
-0.0381180109264112
-0.03810939722477145
-0.03810307161664907
-0.03809982874093627
-0.038097096104687804
-0.03809583350959991
-0.038094858167221204
-0.03809528292265973
-0.03809488217639363
-0.038095033409646276
-0.03809469797900376
-0.038095421962841595
-0.038095320994512724
-0.03809601330016052
-0.0380969914413503
-0.03810004862007046
-0.03810361767220786
-0.038109645198933846
-0.03811795796630675
-0.03813067463023015
-0.03814650357376277
-0.03816772420833858
-0.03819441298258564
-0.038229009260331855
-0.038270439120290205
-0.038321298809387686
-0.03838181984760488
-0.03845473755672847
-0.03853912371657581
-0.03863777977951852
-0.038751142376837314
-0.03888212370001394
-0.03902985771921028
-0.03919730420029063
-0.03938498636920595
-0.0395959395858748
-0.03982926809099326
-0.040088036208384525
-0.04037271751473301
-0.04068641132966641
-0.04102809534088397
-0.04140087811492634
-0.04180503861580057
-0.04224367563029871
-0.04271554235340246
-0.0432236262897542
-0.043768063801371854
-0.04435178654478328
-0.04497322812476565
-0.04563518641554747
-0.046337513945333815
-0.04708290593113081
-0.04786938811202146
-0.04869950263313037
-0.049572681883453186
-0.05049131981298043
-0.05145295673301815
-0.05245981440880046
-0.05351078661633763
-0.05460790464261804
-0.05574816018724307
-0.05693330943918463
-0.05816178187425981
-0.059435105528200215
-0.060749678001692564
-0.062106745180743134
-0.06350418612955627
-0.06494298722655745
-0.0664189270249088
-0.06793271729141107
-0.06948160796439555
-0.07106602736734684
-0.07268113287142053
-0.07432715514252936
-0.07600053795232883
-0.07770121337074423
-0.07942373988037685
-0.08116765261849025
-0.08292900873641777
-0.08470703827350168
-0.08649574844837396
-0.08829407086201753
-0.0900975454660009
-0.09190480207213803
-0.09370936968933301
-0.09550962871934154
-0.09730061530740354
-0.09908042111968897
-0.10084219475438523
-0.10258381562264023
-0.10429989603993746
-0.1059880500501046
-0.10764116689566058
-0.10925665559695566
-0.11082888657744665
-0.11235503361117538
-0.11382786862688078
-0.11524441927537435
-0.11659893040404044
-0.11788823317307229
-0.1191051422232768
-0.12024642524940306
-0.12130630010828737
-0.1222813836985238
-0.12316470771721244
-0.12395288160746316
-0.12464027017488973
-0.12522338454775417
-0.1256956579083415
-0.1260536577049953
-0.12629207248701044
-0.1264074235594644
-0.12639373540050808
-0.126247654098836
-0.1259643690982872
-0.12554053559788142
-0.12497095953100958
-0.12425250748969341
-0.12338100695529265
-0.12235338917785435
-0.12116542681628216
-0.11981429514003199
-0.11829669175040709
-0.11660991118689544
-0.11475086792706843
-0.11271722185168681
-0.11050657717326788
-0.10811675978362892
-0.1055459856931402
-0.10279247638800461
-0.09985493414232904
-0.09673178827459404
-0.09342269571810229
-0.08992653185165128
-0.08624320777912417
-0.0823718416571029
-0.07831364584655238
-0.07406809155297374
-0.06963664667503555
-0.0650190538798204
-0.060218166547656465
-0.05523436437244729
-0.05007021796271365
-0.04472638929250185
-0.03920742603841322
-0.03351452187788179
-0.027651621364529522
-0.021620202751369937
-0.01542652636554893
-0.009072583400929495
-0.002563724882109705
0.004097781940766556
0.01090398244133887
0.017852189161047298
0.02493552968223019
0.03215106044336346
0.039489188442509475
0.04694641385841249
0.05451474745727166
0.062190468273777944
0.06996243835404604
0.07782649016831147
0.08577349113190934
0.09379909819853034
0.10189075832544209
0.11004378015941443
0.1182479457720578
0.12649844308152855
0.13478146825349277
0.1430920320118865
0.15141879937461453
0.15975672424032275
0.16809094779118586
0.17641609674139982
0.18472037664554491
0.19299843016516466
0.2012345670524258
0.20942328281142555
0.21755235999928896
0.2256163882141367
0.23359909252369437
0.2414950736034724
0.24929180356391376
0.2569840574941116
0.2645552405155378
0.2720003228362787
0.2793065485177362
0.2864691440708828
0.2934714716753137
0.3003088418357234
0.30696895301067373
0.3134474521730011
0.3197279417287494
0.3258063298357138
0.33167087333086237
0.33731789331219075
0.34273151539412383
0.34790849616990877
0.3528377477944455
0.35751650903372634
0.3619297050982438
0.36607536624784237
0.3699427679934203
0.3735304845115278
0.3768245040909525
0.37982368189358284
0.3825190636800584
0.38491009674206156
0.3869840770019266
0.38874106646582945
0.3901735543323916
0.3912822309335246
0.392055919804828
0.3924960640118511
0.392596604636226
0.39235963451909334
0.3917756951622754
0.39084771152024794
0.38957113727314796
0.3879495544520521
0.3859753788978556
0.3836529024497157
0.3809794881908143
0.37796007138877746
0.3745890610761758
0.37087215227424974
0.366808597954995
0.36240470704485533
0.35765696046201434
0.35257248771917704
0.3471523110247346
0.3414041277335286
0.3353265275234654
0.3289279937494199
0.3222113070898069
0.3151854581101423
0.3078511396624582
0.3002180198218861
0.292290701295479
0.2840792772357403
0.2755864960112825
0.2668230708639036
0.2577953178542711
0.24851428061511457
0.2389846747139283
0.2292181336896596
0.219222451538633
0.2090094863767271
0.1985857943837146
0.18796369387894105
0.17715235488667722
0.16616420608130866
0.1550074827094411
0.14369498020397314
0.13223702026984077
0.12064638075463843
0.10893278359379736
0.09710923993596744
0.08518703890314547
0.07317904281768024
0.06109624194632721
0.04895162863888176
0.03675717792112663
0.024525601935458816
0.01226892037418312
-2.640647412869132E-7
-0.012269332012514502
-0.024526082216042452
-0.036757719128772584
-0.048952091973483554
-0.06109657325050439
-0.0731795512490391
-0.08518771669044453
-0.0971097186770346
-0.10893300438613324
-0.12064688326880404
-0.13223779667537228
-0.14369544966905168
-0.1550075933634808
-0.16616470221808502
-0.17715322859083985
-0.18796424230319728
-0.19858587294695237
-0.20901005495132316
-0.21922350205248736
-0.22921866767089696
-0.2389846447209747
-0.24851483510021
-0.2577964486329832
-0.2668235629185825
-0.2755863006445246
-0.28407975315789985
-0.29229184025142496
-0.30021844741993253
-0.3078508149505788
-0.3151858863787508
-0.3222124799912602
-0.32892847991163404
-0.335326212233214
-0.3414046429695131
-0.34715364829191636
-0.3525729532597045
-0.3576565213423443
-0.36240516383385707
-0.36680994210773965
-0.3708725215439774
-0.3745884250580606
-0.37796038679731236
-0.38098074652130065
-0.38365315942670153
-0.3859746109340611
-0.3879497851605707
-0.3895723581893386
-0.3908480038433804
-0.3917749937684965
-0.3923599710272143
-0.3925979705550249
-0.39249634169894904
-0.39205509558218093
-0.3912824717138401
-0.3901748517854486
-0.38874120736378465
-0.3869830533066697
-0.38491015501347825
-0.38252019587429653
-0.37982367918119053
-0.3768233631007714
-0.3735304327728154
-0.3699437977762318
-0.3660755336384368
-0.3619290284198982
-0.3575169172882311
-0.35283923330547373
-0.347908841231242
-0.3427307262816509
-0.3373181757026592
-0.33167222005306046
-0.32580651045009706
-0.3197269698344944
-0.31344752988178215
-0.30697007379039953
-0.30030885893391296
-0.29347040067785884
-0.28646909170250945
-0.27930750893295664
-0.2720002988954109
-0.2645542723393556
-0.25698406696806336
-0.24929278552139814
-0.24149502464751044
-0.23359803625498698
-0.22561626286292438
-0.21755316126892635
-0.20942307117944697
-0.20123337333141555
-0.19299811517875995
-0.18472093707083703
-0.1764157351769521
-0.16808969448350028
-0.15975629062112445
-0.15141918313816444
-0.14309161741585838
-0.13478034362338912
-0.12649807126532442
-0.11824832545893832
-0.11004336985870283
-0.1018895930768913
-0.09379861729432407
-0.08577369440194567
-0.07782595665228435
-0.06996120858422016
-0.06218985254937733
-0.05451474679481226
-0.04694577862987365
-0.03948795669964655
-0.032150368777940745
-0.024935380316138706
-0.01785150138278629
-0.01090286161194003
-0.00409712201609881
0.002563920472464753
0.009073251594963944
0.015427628023884664
0.021620919521264256
0.02765194858460609
0.033515247530073136
0.03920850818255398
0.0447271609518904
0.05007067326906712
0.055235121704831205
0.06021918749369502
0.06501983902445478
0.0696371889633262
0.07406891977124587
0.078314534425947
0.08237257705733203
0.08624378163757741
0.08992725211799762
0.09342352618369738
0.09673253526399349
0.0998555881879037
0.10279319766619512
0.10554673801552474
0.10811749412692706
0.1105072830567542
0.1127179178667378
0.11475152163740791
0.11661060988354935
0.11829742400264613
0.11981499062963016
0.1211659846641111
0.12235405378949714
0.1233817659839
0.12425312143487409
0.12497140073934372
0.12554113770750014
0.1259651189993045
0.12624819008419355
0.12639403203066799
0.12640792974894322
0.12629277449389645
0.12605409716728447
0.12569581275415084
0.12522379342015616
0.12464091878924612
0.12395327570050721
0.12316477568460794
0.1222817476639355
0.12130694527634205
0.12024671837775683
0.11910506705407006
0.11788848788385071
0.11659949988642568
0.11524458800213672
0.11382762362058375
0.11235514689342628
0.11082934286664481
0.10925669291611323
0.10764077486271466
0.10598804012441804
0.10430025286350243
0.10258379147413899
0.10084173878148218
0.09908036704174678
0.09730094774110488
0.09550950201131632
0.09370877886554226
0.0919046272606687
0.0900977714380653
0.0882938120691375
0.08649500308007925
0.08470671865476324
0.08292909991430852
0.08116726696650241
0.07942287722833702
0.07770078236885994
0.0760005240094217
0.07432677338931065
0.07268037516965427
0.0710657034797953
0.0694817036710908
0.06793233879960996
0.06641807795048324
0.06494257078101887
0.06350418865089766
0.062106267119656354
0.06074872513989593
0.05943458149599216
0.0581616736542861
0.05693274567762473
0.05574714730553997
0.05460731447857523
0.05351060686089083
0.05245923985027526
0.05145198129139929
0.050490758588882946
0.04957252332117105
0.04869891780615748
0.047868385050155816
0.047082307755517507
0.04633730993628021
0.04563456071870381
0.044972189545773186
0.04435114277716265
0.04376780501143674
0.04322297710114067
0.04271451126138698
0.04224302868329133
0.04180476690644974
0.04140027484587344
0.04102716437857065
0.04068585267159704
0.04037252322527919
0.040087486856311104
0.0398283715617574
0.03959540502603992
0.03938480684509873
0.03919677491741994
0.03902898608031904
0.03888160451464523
0.038750969734035016
0.038637284683325224
0.03853831251127681
0.03845427017366769
0.038381691420341035
0.03832089211605778
0.038269758463773444
0.03822866465078384
0.03819440063722361
0.03816741354374341
0.03814589870801885
0.0381304000320806
0.03811801092641121
0.03810939722477146
0.03810307161664908
0.03809982874093627
0.038097096104687804
0.03809583350959991
0.038094858167221204
0.03809528292265973
0.03809488217639363
0.038095033409646276
0.03809469797900376
0.038095421962841595
0.038095320994512724
0.03809601330016052
0.0380969914413503
0.03810004862007046
0.03810361767220787
0.03810964519893386
0.038117957966306765
0.03813067463023016
0.0381465035737628
0.03816772420833861
0.03819441298258567
0.03822900926033188
0.038270439120290246
0.03832129880938773
0.038381819847604935
0.03845473755672853
0.03853912371657586
0.03863777977951859
0.03875114237683738
0.038882123700014024
0.039029857719210366
0.039197304200290724
0.039384986369206045
0.03959593958587491
0.039829268090993374
0.04008803620838465
0.04037271751473315
0.04068641132966655
0.04102809534088412
0.041400878114926494
0.04180503861580074
0.04224367563029888
0.04271554235340264
0.043223626289754395
0.04376806380137205
0.044351786544783486
0.04497322812476586
0.045635186415547695
0.04633751394533404
0.04708290593113105
0.04786938811202171
0.04869950263313062
0.04957268188345345
0.050491319812980696
0.051452956733018425
0.05245981440880074
0.05351078661633791
0.05460790464261833
0.055748160187243365
0.05693330943918493
0.05816178187426012
0.05943510552820052
0.06074967800169288
0.06210674518074345
0.0635041861295566
0.06494298722655778
0.06641892702490913
0.0679327172914114
0.06948160796439588
0.07106602736734717
0.07268113287142086
0.07432715514252969
0.07600053795232917
0.07770121337074457
0.07942373988037718
0.08116765261849058
0.0829290087364181
0.08470703827350201
0.0864957484483743
0.08829407086201786
0.09009754546600124
0.09190480207213836
0.09370936968933331
0.09550962871934185
0.09730061530740385
0.09908042111968927
0.10084219475438554
0.1025838156226405
0.10429989603993774
0.10598805005010488
0.10764116689566083
0.10925665559695591
0.1108288865774469
0.1123550336111756
0.113827868626881
0.11524441927537457
0.11659893040404064
0.11788823317307248
0.11910514222327696
0.12024642524940322
0.12130630010828751
0.12228138369852394
0.12316470771721255
0.12395288160746327
0.12464027017488981
0.12522338454775422
0.12569565790834156
0.12605365770499535
0.12629207248701044
0.1264074235594644
0.12639373540050808
0.12624765409883595
0.12596436909828715
0.12554053559788136
0.12497095953100949
0.1242525074896933
0.12338100695529254
0.12235338917785421
0.121165426816282
0.11981429514003182
0.1182966917504069
0.11660991118689522
0.1147508679270682
0.11271722185168656
0.1105065771732676
0.10811675978362861
0.1055459856931399
0.10279247638800428
0.09985493414232868
0.09673178827459368
0.0934226957181019
0.08992653185165086
0.08624320777912375
0.08237184165710246
0.07831364584655191
0.07406809155297327
0.06963664667503505
0.06501905387981988
0.06021816654765594
0.055234364372446734
0.05007021796271308
0.044726389292501265
0.039207426038412624
0.033514521877881176
0.027651621364528898
0.021620202751369298
0.015426526365548279
0.009072583400928829
0.0025637248821090267
-0.004097781940767246
-0.01090398244133957
-0.017852189161048013
-0.024935529682230912
-0.032151060443364195
-0.03948918844251021
-0.04694641385841324
-0.05451474745727241
-0.06219046827377871
-0.06996243835404682
-0.07782649016831225
-0.08577349113191012
-0.09379909819853112
-0.10189075832544287
-0.11004378015941521
-0.11824794577205858
-0.12649844308152933
-0.13478146825349355
-0.14309203201188728
-0.1514187993746153
-0.15975672424032353
-0.16809094779118663
-0.1764160967414006
-0.1847203766455457
-0.19299843016516544
-0.20123456705242657
-0.20942328281142628
-0.21755235999928968
-0.22561638821413743
-0.2335990925236951
-0.2414950736034731
-0.24929180356391448
-0.25698405749411224
-0.26455524051553847
-0.27200032283627934
-0.27930654851773684
-0.2864691440708835
-0.29347147167531423
-0.3003088418357239
-0.3069689530106743
-0.31344745217300163
-0.31972794172874996
-0.32580632983571434
-0.3316708733308628
-0.3373178933121912
-0.3427315153941243
-0.3479084961699092
-0.35283774779444593
-0.35751650903372667
-0.3619297050982441
-0.3660753662478427
-0.36994276799342063
-0.37353048451152815
-0.3768245040909527
-0.37982368189358306
-0.3825190636800586
-0.3849100967420618
-0.3869840770019267
-0.38874106646582957
-0.3901735543323917
-0.3912822309335247
-0.392055919804828
-0.3924960640118511
-0.392596604636226
-0.39235963451909334
-0.3917756951622753
-0.39084771152024783
-0.38957113727314785
-0.387949554452052
-0.3859753788978554
-0.3836529024497155
-0.38097948819081406
-0.37796007138877724
-0.37458906107617546
-0.3708721522742494
-0.36680859795499465
-0.362404707044855
-0.3576569604620139
-0.3525724877191766
-0.34715231102473415
-0.34140412773352813
-0.335326527523465
-0.32892799374941933
-0.32221130708980633
-0.31518545811014176
-0.30785113966245764
-0.30021801982188545
-0.29229070129547835
-0.2840792772357396
-0.2755864960112818
-0.26682307086390294
-0.25779531785427034
-0.24851428061511385
-0.23898467471392754
-0.22921813368965882
-0.21922245153863223
-0.20900948637672626
-0.19858579438371377
-0.1879636938789402
-0.17715235488667638
-0.16616420608130777
-0.1550074827094402
-0.14369498020397226
-0.13223702026983988
-0.12064638075463752
-0.10893278359379645
-0.0971092399359665
-0.08518703890314452
-0.0731790428176793
-0.06109624194632625
-0.0489516286388808
-0.03675717792112567
-0.024525601935457858
-0.012268920374182158
