0.0015807692868783712
0.030672698535027024
0.06130616681267827
0.09186303490079153
0.12230616254433012
0.152597329003392
0.18270103355846623
0.21257769848239108
0.2421929443161674
0.2715096804853601
0.300495784691753
0.329112354836788
0.3573290334431739
0.3851110728789106
0.41243091507912116
0.43925160626387555
0.4655481575062865
0.49128881429441695
0.5164518344983828
0.5410033668007006
0.5649241598485222
0.5881875222163392
0.6107777937508766
0.6326652152578185
0.6538371820212513
0.6742724271198783
0.693962153408505
0.712881480556917
0.7310249944534652
0.748377220489711
0.7649366307257454
0.7806837783330787
0.7956208719851444
0.8097380364970935
0.823041309684553
0.8355169820103643
0.8471741837729887
0.8580099137575178
0.868036941800232
0.8772473410435886
0.8856570412640186
0.8932692466554646
0.9001032120257135
0.9061565840017476
0.9114516340415907
0.9159970385896841
0.9198179668978154
0.922917190249676
0.9253227360582117
0.9270476133451855
0.9281222299434717
0.9285538185944595
0.9283745490671858
0.927602133128857
0.9262705303260892
0.9243905915991455
0.9219977196303306
0.9191128635656826
0.9157725815973576
0.9119903612245651
0.9078037640818766
0.9032355651096758
0.8983238290587834
0.8930836070474286
0.8875538851471567
0.8817570472726585
0.8757319448527127
0.8694940786407739
0.8630814076493815
0.8565171978432478
0.8498386587180082
0.8430606367182287
0.8362194237908505
0.8293369917905968
0.8224483330305237
0.8155665953277278
0.808725487307401
0.8019444018824585
0.795255279570465
0.7886686306811228
0.7822148451161626
0.7759095494757573
0.7697809963505662
0.7638362650975576
0.7581012591069082
0.7525880826670395
0.7473202391077163
0.7423007612707132
0.7375507492225072
0.7330779576951925
0.7289009434415976
0.7250182785936106
0.7214461272717587
0.7181873802092662
0.715255635818107
0.7126448063107533
0.7103662374485942
0.708417635163201
0.7068078736552752
0.7055262242627852
0.7045790214771679
0.7039597609054868
0.703672506954433
0.703702120380853
0.7040504833833467
0.7047069752996102
0.7056715049201377
0.7069249471227654
0.7084654481817538
0.7102785978088776
0.7123609432508242
0.7146899669905777
0.7172609824720954
0.7200561899502265
0.7230697351278829
0.7262764372989089
0.7296692133615279
0.7332285342869412
0.7369466162944339
0.7407964416773571
0.7447696044431544
0.7488454294093987
0.7530152883879881
0.7572512072996385
0.761544519865901
0.7658740701743532
0.7702314358587257
0.7745885773875318
0.7789381343813755
0.7832580515903191
0.7875416444894835
0.7917616656717046
0.7959114774724174
0.7999717985694199
0.803937046659646
0.8077815498011199
0.8115007733267121
0.8150776364919028
0.8185089688062734
0.8217713464125617
0.8248630613794417
0.8277695554461879
0.830490709808132
0.8330058804943636
0.8353167674667502
0.837411448441423
0.8392933463740337
0.8409449656899466
0.8423712124008987
0.843563940385786
0.8445298167650037
0.845254685730517
0.8457468662927372
0.846001749567703
0.84602935990333
0.8458188907494908
0.8453820815921742
0.8447174687721408
0.8438383527961395
0.8427371084846009
0.841428724050677
0.8399143293375425
0.8382102520735484
0.8363117165238751
0.8342360979854986
0.8319874949954478
0.829584334160546
0.8270242145942099
0.8243264511310173
0.8214972810547623
0.8185567352990224
0.8155041987283117
0.8123603893814972
0.8091327569913225
0.8058423717755306
0.8024897342244611
0.7990963647311715
0.7956699646646629
0.792232034357641
0.7887834757647486
0.785345484387133
0.7819260628160268
0.7785460224854781
0.775205947206967
0.7719261221080229
0.7687138855739191
0.7655888050657382
0.7625504593798471
0.75961769855733
0.756796293342136
0.7541040896214852
0.7515390428931342
0.7491184142551202
0.746845043215332
0.7447349633244886
0.7427839887937929
0.7410064250978392
0.739403616201795
0.7379884832965253
0.7367543076340308
0.7357125565601337
0.7348619682199891
0.7342125500241021
0.7337548039015078
0.7334973488384084
0.7334359336283478
0.7335777232968737
0.7339103505251836
0.7344397299652059
0.7351584129087665
0.7360709456287515
0.7371621608196248
0.7384351091012316
0.7398800153346528
0.7414987214664371
0.7432734829839212
0.7452049334929925
0.7472810653189235
0.749501527560708
0.7518463610273955
0.7543143633833229
0.756891497935245
0.7595758532222041
0.7623457366208235
0.7651987816906547
0.7681192440183107
0.7711043590861812
0.77413127364132
0.7771967358107466
0.7802846060087867
0.7833915649492504
0.7864942313062216
0.7895892374517293
0.7926604829618373
0.7957048638934312
0.798699128339193
0.8016405786291414
0.8045135507856687
0.8073159240501999
0.810025222430093
0.812640155801023
0.8151458771318427
0.817541952308338
0.8198072815833735
0.8219421626415879
0.8239338479458795
0.8257837211591341
0.8274725803951353
0.8290028719424246
0.8303641680007213
0.8315601692813885
0.832573986381395
0.8334106697933963
0.834062169132663
0.8345348869291773
0.8348145314213549
0.8349095115066153
0.8348131866737838
0.8345353422536302
0.8340644243087444
0.8334109379845435
0.8325722711277264
0.8315602483827436
0.8303660411600495
0.8290026999271749
0.8274703709229704
0.8257832957027511
0.8239352063107905
0.8219415620493801
0.819804732150307
0.8175411720820716
0.8151468662263063
0.8126393756979503
0.8100227025467127
0.8073151539753328
0.8045145312094821
0.8016396531796991
0.7986963113055399
0.795703775975549
0.7926611258540277
0.789587942668615
0.7864910154748073
0.7833900570486897
0.7802848091438784
0.7771951022533057
0.7741278185755004
0.7711025905933455
0.7681191670224703
0.765197046400292
0.7623423868506233
0.7595741691930921
0.7568914868317927
0.7543125827366254
0.7518428233443948
0.7494996390683927
0.7472808358213898
0.7452029024312705
0.7432696611584994
0.7414965367307444
0.7398794804067493
0.738432858066962
0.737158200399341
0.7360686148673943
0.7351577277052698
0.7344374865005567
0.7339065847321096
0.7335755852906345
0.7334354427280075
0.7334951679696033
0.7337509322663953
0.7342103108135657
0.7348613841559839
0.7357102237464763
0.7367502206651216
0.7379860391981378
0.7394028410240342
0.7410039540797598
0.7427798133424349
0.7447324469037565
0.7468442150876456
0.7491163080296712
0.751535683742724
0.7541024136706845
0.7567963329690846
0.7596160093498469
0.762547026696939
0.765587081140228
0.7687139053786438
0.7719243238228028
0.7752023123228284
0.7785441237863652
0.7819259374617245
0.7853435724493466
0.7887797593365409
0.7922300829890979
0.7956698172702157
0.7990945472496895
0.8024862742927847
0.8058407065590588
0.8091329266638252
0.8123587084787096
0.8155006498753072
0.8185550069611094
0.8214974142123208
0.8243246359426605
0.8270204338132997
0.8295823953411353
0.8319874395245431
0.834234134074735
0.8363078311515758
0.8382082253070852
0.8399142025820331
0.8414268146262661
0.8427334629918803
0.8438365765474449
0.8447176028082529
0.8453802732591204
0.8458151341722566
0.8460274750683902
0.846001777053977
0.845744876792263
0.8452506774743851
0.8445276750600523
0.8435637053263703
0.8423690334475287
0.8409408455330515
0.8392910797604441
0.8374110750031236
0.8353145989587439
0.8330020091231715
0.8304886704241526
0.8277693873216475
0.824860982572609
0.8217673673419035
0.81850679426268
0.8150773058170814
0.8114984939011921
0.8077773364729298
0.803934605653254
0.7999711697636593
0.7959090025554921
0.7917573602056999
0.787539074786568
0.7832572585867523
0.7789359167801717
0.7745852765011794
0.7702298261046839
0.7658741941697522
0.761542872155943
0.7572478043529695
0.7530135383546258
0.7488453773771974
0.7447677601272751
0.7407928217326472
0.7369446143345088
0.7332281985642424
0.7296671854888033
0.7262727297941088
0.7230676147486357
0.7200557088285628
0.7172589380819447
0.7146864817499162
0.712359020044453
0.7102782934143265
0.7084635079533346
0.7069213751036617
0.7056694798116814
0.7047065590268798
0.704048388900517
0.7036983458332173
0.7036702741480817
0.7039591373382182
0.7045767808804098
0.7055223588182431
0.7068055554042769
0.7084169375693501
0.7103640084763929
0.7126411378873225
0.7152535323113645
0.7181869213727453
0.7214440219622614
0.7250145063549505
0.7288987642390317
0.733077457455212
0.7375485093303251
0.742296752546995
0.7473178607518581
0.752587426578854
0.7580988768318222
0.7638321252236618
0.7697785333629997
0.7759088609612014
0.7822124794870855
0.788664683511929
0.7952530650698949
0.801944022861416
0.8087232690596367
0.8155625002883068
0.8224460275203603
0.8293365831024171
0.8362170440503484
0.8430562437389593
0.8498361114943971
0.8565166073680701
0.8630788476641281
0.8694895124085364
0.8757292787719589
0.8817563951332908
0.8875516651819125
0.8930799349787871
0.8983221111346321
0.9032359165391945
0.9078020406101757
0.9119865349034619
0.9157707448360612
0.9191131322442999
0.921995799148084
0.9243864596469786
0.9262684081941577
0.9276021364551583
0.9283724156698406
0.9285495380618779
0.9281199618012308
0.9270474719555021
0.9253205483532512
0.9229131715460261
0.9198159403521349
0.9159971160977343
0.9114495971523812
0.9061524465580449
0.9001010224426518
0.8932691138870997
0.8856547719701572
0.8772429662019969
0.8680344458027148
0.8580094021441128
0.8471716921042105
0.8355125532648178
0.8230386623225783
0.8097372720747967
0.7956182655390642
0.7806796615356825
0.764934163427239
0.7483764996675762
0.7310225437913722
0.7128773726325639
0.6939595408222093
0.6742714025676938
0.6538345448823064
0.6326610612941017
0.6107749584240494
0.588186094202623
0.5649213819028146
0.5409993385719024
0.516448921083528
0.4912871005515741
0.4655452520148285
0.43924794930929323
0.41242813652353905
0.38510925404669133
0.35732633230907906
0.32910889112076414
0.30049295622954064
0.27150756598647685
0.2421901911422908
0.21257444629423206
0.18269816536232983
0.1525949217029028
0.12230342576590458
0.09186009924455103
0.061303350767750585
0.03067007799024815
-1.5437200067171594E-6
-0.030672698535027024
-0.06130616681267827
-0.09186303490079153
-0.12230616254433012
-0.152597329003392
-0.18270103355846623
-0.21257769848239108
-0.2421929443161674
-0.2715096804853601
-0.300495784691753
-0.329112354836788
-0.3573290334431739
-0.3851110728789106
-0.41243091507912116
-0.43925160626387555
-0.4655481575062865
-0.49128881429441695
-0.5164518344983828
-0.5410033668007006
-0.5649241598485222
-0.5881875222163392
-0.6107777937508766
-0.6326652152578185
-0.6538371820212513
-0.6742724271198783
-0.693962153408505
-0.712881480556917
-0.7310249944534652
-0.748377220489711
-0.7649366307257454
-0.7806837783330787
-0.7956208719851444
-0.8097380364970935
-0.823041309684553
-0.8355169820103643
-0.8471741837729887
-0.8580099137575178
-0.868036941800232
-0.8772473410435886
-0.8856570412640186
-0.8932692466554646
-0.9001032120257135
-0.9061565840017476
-0.9114516340415907
-0.9159970385896841
-0.9198179668978154
-0.922917190249676
-0.9253227360582117
-0.9270476133451855
-0.9281222299434717
-0.9285538185944595
-0.9283745490671858
-0.927602133128857
-0.9262705303260892
-0.9243905915991455
-0.9219977196303306
-0.9191128635656826
-0.9157725815973576
-0.9119903612245651
-0.9078037640818766
-0.9032355651096758
-0.8983238290587834
-0.8930836070474286
-0.8875538851471567
-0.8817570472726585
-0.8757319448527127
-0.8694940786407739
-0.8630814076493815
-0.8565171978432478
-0.8498386587180082
-0.8430606367182287
-0.8362194237908505
-0.8293369917905968
-0.8224483330305237
-0.8155665953277278
-0.808725487307401
-0.8019444018824585
-0.795255279570465
-0.7886686306811228
-0.7822148451161626
-0.7759095494757573
-0.7697809963505662
-0.7638362650975576
-0.7581012591069082
-0.7525880826670395
-0.7473202391077163
-0.7423007612707132
-0.7375507492225072
-0.7330779576951925
-0.7289009434415976
-0.7250182785936106
-0.7214461272717587
-0.7181873802092662
-0.715255635818107
-0.7126448063107533
-0.7103662374485942
-0.708417635163201
-0.7068078736552752
-0.7055262242627852
-0.7045790214771679
-0.7039597609054868
-0.703672506954433
-0.703702120380853
-0.7040504833833467
-0.7047069752996102
-0.7056715049201377
-0.7069249471227654
-0.7084654481817538
-0.7102785978088776
-0.7123609432508242
-0.7146899669905777
-0.7172609824720954
-0.7200561899502265
-0.7230697351278829
-0.7262764372989089
-0.7296692133615279
-0.7332285342869412
-0.7369466162944339
-0.7407964416773571
-0.7447696044431544
-0.7488454294093987
-0.7530152883879881
-0.7572512072996385
-0.761544519865901
-0.7658740701743532
-0.7702314358587257
-0.7745885773875318
-0.7789381343813755
-0.7832580515903191
-0.7875416444894835
-0.7917616656717046
-0.7959114774724174
-0.7999717985694199
-0.803937046659646
-0.8077815498011199
-0.8115007733267121
-0.8150776364919028
-0.8185089688062734
-0.8217713464125617
-0.8248630613794417
-0.8277695554461879
-0.830490709808132
-0.8330058804943636
-0.8353167674667502
-0.837411448441423
-0.8392933463740337
-0.8409449656899466
-0.8423712124008987
-0.843563940385786
-0.8445298167650037
-0.845254685730517
-0.8457468662927372
-0.846001749567703
-0.84602935990333
-0.8458188907494908
-0.8453820815921742
-0.8447174687721408
-0.8438383527961395
-0.8427371084846009
-0.841428724050677
-0.8399143293375425
-0.8382102520735484
-0.8363117165238751
-0.8342360979854986
-0.8319874949954478
-0.829584334160546
-0.8270242145942099
-0.8243264511310173
-0.8214972810547623
-0.8185567352990224
-0.8155041987283117
-0.8123603893814972
-0.8091327569913225
-0.8058423717755306
-0.8024897342244611
-0.7990963647311715
-0.7956699646646629
-0.792232034357641
-0.7887834757647486
-0.785345484387133
-0.7819260628160268
-0.7785460224854781
-0.775205947206967
-0.7719261221080229
-0.7687138855739191
-0.7655888050657382
-0.7625504593798471
-0.75961769855733
-0.756796293342136
-0.7541040896214852
-0.7515390428931342
-0.7491184142551202
-0.746845043215332
-0.7447349633244886
-0.7427839887937929
-0.7410064250978392
-0.739403616201795
-0.7379884832965253
-0.7367543076340308
-0.7357125565601337
-0.7348619682199891
-0.7342125500241021
-0.7337548039015078
-0.7334973488384084
-0.7334359336283478
-0.7335777232968737
-0.7339103505251836
-0.7344397299652059
-0.7351584129087665
-0.7360709456287515
-0.7371621608196248
-0.7384351091012316
-0.7398800153346528
-0.7414987214664371
-0.7432734829839212
-0.7452049334929925
-0.7472810653189235
-0.749501527560708
-0.7518463610273955
-0.7543143633833229
-0.756891497935245
-0.7595758532222041
-0.7623457366208235
-0.7651987816906547
-0.7681192440183107
-0.7711043590861812
-0.77413127364132
-0.7771967358107466
-0.7802846060087867
-0.7833915649492504
-0.7864942313062216
-0.7895892374517293
-0.7926604829618373
-0.7957048638934312
-0.798699128339193
-0.8016405786291414
-0.8045135507856687
-0.8073159240501999
-0.810025222430093
-0.812640155801023
-0.8151458771318427
-0.817541952308338
-0.8198072815833735
-0.8219421626415879
-0.8239338479458795
-0.8257837211591341
-0.8274725803951353
-0.8290028719424246
-0.8303641680007213
-0.8315601692813885
-0.832573986381395
-0.8334106697933963
-0.834062169132663
-0.8345348869291773
-0.8348145314213549
-0.8349095115066153
-0.8348131866737838
-0.8345353422536302
-0.8340644243087444
-0.8334109379845435
-0.8325722711277264
-0.8315602483827436
-0.8303660411600495
-0.8290026999271749
-0.8274703709229704
-0.8257832957027511
-0.8239352063107905
-0.8219415620493801
-0.819804732150307
-0.8175411720820716
-0.8151468662263063
-0.8126393756979503
-0.8100227025467127
-0.8073151539753328
-0.8045145312094821
-0.8016396531796991
-0.7986963113055399
-0.795703775975549
-0.7926611258540277
-0.789587942668615
-0.7864910154748073
-0.7833900570486897
-0.7802848091438784
-0.7771951022533057
-0.7741278185755004
-0.7711025905933455
-0.7681191670224703
-0.765197046400292
-0.7623423868506233
-0.7595741691930921
-0.7568914868317927
-0.7543125827366254
-0.7518428233443948
-0.7494996390683927
-0.7472808358213898
-0.7452029024312705
-0.7432696611584994
-0.7414965367307444
-0.7398794804067493
-0.738432858066962
-0.737158200399341
-0.7360686148673943
-0.7351577277052698
-0.7344374865005567
-0.7339065847321096
-0.7335755852906345
-0.7334354427280075
-0.7334951679696033
-0.7337509322663953
-0.7342103108135657
-0.7348613841559839
-0.7357102237464763
-0.7367502206651216
-0.7379860391981378
-0.7394028410240342
-0.7410039540797598
-0.7427798133424349
-0.7447324469037565
-0.7468442150876456
-0.7491163080296712
-0.751535683742724
-0.7541024136706845
-0.7567963329690846
-0.7596160093498469
-0.762547026696939
-0.765587081140228
-0.7687139053786438
-0.7719243238228028
-0.7752023123228284
-0.7785441237863652
-0.7819259374617245
-0.7853435724493466
-0.7887797593365409
-0.7922300829890979
-0.7956698172702157
-0.7990945472496895
-0.8024862742927847
-0.8058407065590588
-0.8091329266638252
-0.8123587084787096
-0.8155006498753072
-0.8185550069611094
-0.8214974142123208
-0.8243246359426605
-0.8270204338132997
-0.8295823953411353
-0.8319874395245431
-0.834234134074735
-0.8363078311515758
-0.8382082253070852
-0.8399142025820331
-0.8414268146262661
-0.8427334629918803
-0.8438365765474449
-0.8447176028082529
-0.8453802732591204
-0.8458151341722566
-0.8460274750683902
-0.846001777053977
-0.845744876792263
-0.8452506774743851
-0.8445276750600523
-0.8435637053263703
-0.8423690334475287
-0.8409408455330515
-0.8392910797604441
-0.8374110750031236
-0.8353145989587439
-0.8330020091231715
-0.8304886704241526
-0.8277693873216475
-0.824860982572609
-0.8217673673419035
-0.81850679426268
-0.8150773058170814
-0.8114984939011921
-0.8077773364729298
-0.803934605653254
-0.7999711697636593
-0.7959090025554921
-0.7917573602056999
-0.787539074786568
-0.7832572585867523
-0.7789359167801717
-0.7745852765011794
-0.7702298261046839
-0.7658741941697522
-0.761542872155943
-0.7572478043529695
-0.7530135383546258
-0.7488453773771974
-0.7447677601272751
-0.7407928217326472
-0.7369446143345088
-0.7332281985642424
-0.7296671854888033
-0.7262727297941088
-0.7230676147486357
-0.7200557088285628
-0.7172589380819447
-0.7146864817499162
-0.712359020044453
-0.7102782934143265
-0.7084635079533346
-0.7069213751036617
-0.7056694798116814
-0.7047065590268798
-0.704048388900517
-0.7036983458332173
-0.7036702741480817
-0.7039591373382182
-0.7045767808804098
-0.7055223588182431
-0.7068055554042769
-0.7084169375693501
-0.7103640084763929
-0.7126411378873225
-0.7152535323113645
-0.7181869213727453
-0.7214440219622614
-0.7250145063549505
-0.7288987642390317
-0.733077457455212
-0.7375485093303251
-0.742296752546995
-0.7473178607518581
-0.752587426578854
-0.7580988768318222
-0.7638321252236618
-0.7697785333629997
-0.7759088609612014
-0.7822124794870855
-0.788664683511929
-0.7952530650698949
-0.801944022861416
-0.8087232690596367
-0.8155625002883068
-0.8224460275203603
-0.8293365831024171
-0.8362170440503484
-0.8430562437389593
-0.8498361114943971
-0.8565166073680701
-0.8630788476641281
-0.8694895124085364
-0.8757292787719589
-0.8817563951332908
-0.8875516651819125
-0.8930799349787871
-0.8983221111346321
-0.9032359165391945
-0.9078020406101757
-0.9119865349034619
-0.9157707448360612
-0.9191131322442999
-0.921995799148084
-0.9243864596469786
-0.9262684081941577
-0.9276021364551583
-0.9283724156698406
-0.9285495380618779
-0.9281199618012308
-0.9270474719555021
-0.9253205483532512
-0.9229131715460261
-0.9198159403521349
-0.9159971160977343
-0.9114495971523812
-0.9061524465580449
-0.9001010224426518
-0.8932691138870997
-0.8856547719701572
-0.8772429662019969
-0.8680344458027148
-0.8580094021441128
-0.8471716921042105
-0.8355125532648178
-0.8230386623225783
-0.8097372720747967
-0.7956182655390642
-0.7806796615356825
-0.764934163427239
-0.7483764996675762
-0.7310225437913722
-0.7128773726325639
-0.6939595408222093
-0.6742714025676938
-0.6538345448823064
-0.6326610612941017
-0.6107749584240494
-0.588186094202623
-0.5649213819028146
-0.5409993385719024
-0.516448921083528
-0.4912871005515741
-0.4655452520148285
-0.43924794930929323
-0.41242813652353905
-0.38510925404669133
-0.35732633230907906
-0.32910889112076414
-0.30049295622954064
-0.27150756598647685
-0.2421901911422908
-0.21257444629423206
-0.18269816536232983
-0.1525949217029028
-0.12230342576590458
-0.09186009924455103
-0.061303350767750585
-0.03067007799024815
