-2.7040229606329014E-4
0.7355495686620627
0.7444467465196332
0.7403203891732946
0.7327421312951075
0.7236330440177601
0.7136353506519565
0.7030137847998258
0.6919266955983958
0.6804759377619651
0.6687572464963223
0.6568455972402347
0.6448328941903709
0.632800729289368
0.6208395578190369
0.6090197293631613
0.5974207648552616
0.5861021248665521
0.5751211595470842
0.5645069981937453
0.5542893234519201
0.5444743021171744
0.5350643116986072
0.5260366820014672
0.5173734308486109
0.5090426496074835
0.5010174281926059
0.49325857400490136
0.4857425811394027
0.4784436985809563
0.4713510824376918
0.4644510848888321
0.4577508211195112
0.4512582534953332
0.44499699783393787
0.438985966219671
0.43325910520856203
0.4278456240832813
0.4227810531103294
0.41808838327081516
0.4137959941076151
0.40992034825294027
0.40647647105298
0.4034626058335016
0.40087894893690323
0.3987128840045011
0.39695201630512417
0.3955709572532517
0.3945510440641158
0.39386693654906035
0.39350044094650444
0.39342789629948033
0.39363801364498263
0.39411918696032344
0.3948703256960011
0.39588775551774646
0.3971801327945998
0.39875523217556247
0.400627945405166
0.4028066571125959
0.405306904986954
0.4081373410280384
0.411308283313416
0.4148182596512417
0.4186690838744363
0.42285098675438965
0.4273555653062575
0.4321620467397964
0.4372535610713433
0.44260601049717796
0.44819912646142734
0.4540050508538771
0.4600050070192501
0.46617787608462175
0.47251092377233844
0.4789872941262583
0.4856021488154491
0.49234928063292144
0.4992312831558359
0.5062448555999125
0.5133969138651729
0.520688672299232
0.5281269310152298
0.5357079326744699
0.543433824026818
0.5512980790132185
0.5592962002348073
0.5674109681073091
0.5756307970731399
0.5839353998609524
0.5923084200760266
0.6007227349116183
0.6091607503230735
0.617599369919725
0.626024105908113
0.6344124586998383
0.642755954379406
0.6510417622297203
0.6592685006931172
0.6674265002015549
0.6755199520683679
0.6835476513831471
0.6915170490201099
0.69942370273047
0.7072743935145879
0.7150667676864876
0.7228041609050921
0.7304746034142897
0.7380760729340045
0.7455955714595893
0.753026452521855
0.7603463899428337
0.7675461590655678
0.774606183961173
0.7815179137004814
0.7882591079587654
0.7948242473183825
0.8012010184749686
0.8073900323425864
0.8133793213772763
0.8191754479140373
0.8247776156583091
0.8301974553812754
0.8354313975314452
0.8404931662951368
0.8453853655442413
0.8501207595174878
0.8546932715881532
0.859113336126442
0.8633741934826514
0.8674819546565264
0.8714212112881401
0.8751931551937473
0.8787857930177978
0.8821988217249727
0.8854131118252377
0.8884295317818881
0.8912383067668738
0.893844179684747
0.89623484354847
0.8984204056990384
0.9004007638041737
0.9021912561432429
0.9037888234593957
0.9052126071766667
0.9064680963420612
0.9075755269837408
0.908532768326718
0.9093577135303059
0.9100528485512833
0.9106324256981396
0.9110866681627049
0.9114256715343128
0.9116434371235091
0.9117470449476832
0.9117200253167512
0.9115685718034643
0.9112842962480945
0.9108749874734593
0.9103267823491062
0.9096515926421396
0.9088468597036744
0.9079290289373149
0.9068925748804101
0.9057573889975721
0.9045292912185734
0.9032303432317076
0.9018586639204248
0.9004357760877088
0.8989666973853615
0.8974703811704673
0.8959393715295404
0.8943885011314187
0.8928145842735066
0.8912284899244572
0.8896145919195594
0.8879813267264781
0.8863191825517761
0.8846360749835567
0.8829151061465697
0.8811654085952593
0.8793817105687022
0.8775764899469258
0.8757392734098437
0.8738864800810167
0.8720199976642367
0.8701591763916441
0.8682989235483027
0.8664595703849162
0.864644706597886
0.8628733190158842
0.861137514808705
0.8594539723752646
0.8578177449119502
0.8562413387992923
0.8547087558626381
0.8532274855556781
0.8517874697684559
0.850393978931847
0.8490269207776178
0.8476915148906844
0.846377758495759
0.8450930600234202
0.8438213202427521
0.8425732858578827
0.8413454637085392
0.8401519867145014
0.838983491477368
0.8378567842312401
0.836771718328359
0.8357454054094352
0.834768793960725
0.8338567112458332
0.8330060092727235
0.8322279160498459
0.8315067369743206
0.8308496432281303
0.8302460777429334
0.8297000103808608
0.8291898426119245
0.8287181773237963
0.8282718542336757
0.8278543713673246
0.8274457079711456
0.8270526269251991
0.826666139851174
0.8262964541932637
0.825930707107226
0.8255818631669197
0.8252483963755248
0.8249450333069321
0.8246624678590739
0.8244151954885598
0.8242013076305821
0.8240329992552475
0.8238968560674298
0.8238015583886034
0.8237386221652436
0.8237132251783035
0.8237053518080776
0.823718175060705
0.8237378257355259
0.8237670605264107
0.8237851030581398
0.8237961141640546
0.8237902489300304
0.8237748651662047
0.8237355082505662
0.823683337906546
0.8236158908958833
0.8235472558719779
0.8234690968820132
0.8233969355096946
0.8233309058322948
0.8232859048893526
0.8232520412277553
0.8232410968496334
0.8232494379382074
0.8232853207384906
0.8233323409433537
0.8233962456702438
0.8234662790897725
0.8235464575401886
0.8236171144916599
0.8236824111534468
0.8237324193078991
0.8237737988983004
0.8237912091918401
0.8237949383128113
0.8237817836167007
0.8237657683724047
0.823738565834
0.8237172071636524
0.8237026588450075
0.823712565409672
0.82374000203509
0.8238007825256249
0.8238939123545259
0.8240320956762458
0.8242024523222584
0.8244141551413611
0.8246592084172256
0.8249438223901475
0.8252492439183321
0.8255805243628267
0.8259271655393359
0.8262949709562764
0.8266667261827775
0.8270515448255255
0.8274429208423665
0.8278536535902303
0.8282732180315302
0.8287173211999348
0.8291867477558131
0.8296989939989403
0.8302471531959474
0.8308484720122897
0.831503266144316
0.8322265320003762
0.8330067269718061
0.8338551747223604
0.834764981954792
0.8357436883662065
0.8367721127615895
0.8378553569109265
0.838980208787337
0.8401508071052541
0.8413464049588801
0.8425719420867277
0.8438176694345155
0.8450915180368149
0.8463783438820464
0.8476897999251449
0.8490228372700193
0.8503920070451846
0.8517876289243439
0.8532253403455959
0.8547042849784104
0.856238979312076
0.8578175171833983
0.8594525254434279
0.8611347591038052
0.8628726714814855
0.8646461889312851
0.8664587431971364
0.8682957661296509
0.8701581211340232
0.8720210671417864
0.87388524677625
0.8757356572537741
0.8775749663217117
0.8793823026549688
0.8811637044405851
0.8829110877912635
0.8846341348766426
0.8863193440449952
0.8879796496538928
0.8896110597633958
0.8912270153624985
0.8928151910497385
0.8943868489983042
0.8959354451813653
0.897468487853379
0.8989668614986411
0.9004337209897174
0.9018543007110249
0.9032279846331926
0.9045289623719814
0.9057548627237914
0.9068878385893281
0.9079262642546003
0.9088460918355715
0.9096491934893224
0.910322719749363
0.910872855276492
0.9112841191686395
0.9115662824533511
0.9117156148180767
0.9117445202356325
0.9116428225955963
0.9114230226528398
0.9110818878503303
0.9106294820396584
0.910051766158872
0.9093546331330833
0.9085276830856199
0.9075722245511838
0.9064666014406559
0.9052095831784268
0.9037842720593097
0.9021884271116879
0.9003996816148829
0.8984174560025491
0.8962300213890844
0.8938410183646414
0.8912368299134216
0.8884263009922307
0.8854080181842439
0.882195324113504
0.8787839143390161
0.8751895644350186
0.8714159046614096
0.8674781746695047
0.8633719629725154
0.8591104402750043
0.8546899274705553
0.8501188603825964
0.8453849329816115
0.8404911767542164
0.8354278451180833
0.8301952738876263
0.824776826754402
0.8191732424919658
0.8133755707489948
0.8073875798555076
0.801199885065114
0.7948217270766303
0.78825519300891
0.7815152220669018
0.7746047353808039
0.7675437705015064
0.7603430313142547
0.7530242380237171
0.7455945201968692
0.7380738014724868
0.7304710989978069
0.7228017267178635
0.7150654226517825
0.7072719863668414
0.6994200755330867
0.6915144226708343
0.6835460449367823
0.6755172845169691
0.6674227511928296
0.6592656860065265
0.6510399003473707
0.6427535443260314
0.6344093915182776
0.6260219075306613
0.6175980578709348
0.6091585161106758
0.6007195502521642
0.5923060451374998
0.5839338514803053
0.5756284877771145
0.5674076992664617
0.559293688195056
0.5512963409445418
0.5434312831382535
0.5357045485328773
0.5281242570654321
0.5206867262400545
0.5133945618526337
0.5062419543571253
0.49922905247975985
0.49234773866119885
0.48559988495120376
0.4789842551014109
0.4725085258068578
0.4661761368025991
0.46000269316865483
0.4540019093727971
0.4481966041274948
0.44260412474396166
0.43725100428039937
0.4321587517526525
0.427352874597667
0.4228489180326436
0.41866715635727036
0.4148161030596459
0.411306724888717
0.4081364007553979
0.40530530072705084
0.4028043043422422
0.40062619886963624
0.3987541129455753
0.39717847212994467
0.39588523127237407
0.3948684259788804
0.39411793354248637
0.39363606098845855
0.393425144025142
0.3934983406053882
0.39386550977854307
0.39454929494867325
0.39556856905748466
0.3969503166544823
0.3987118956750278
0.400877192268867
0.4034599623056748
0.40647456050976444
0.4099191956803962
0.4137941714436043
0.41808548405341167
0.4227789414241711
0.42784432819700874
0.4332569221087496
0.4389827566525368
0.4449946430650509
0.4512567835930429
0.45774898589464197
0.46444839152186895
0.4713493225884385
0.4784429026806905
0.4857407519643481
0.49325555546910826
0.5010154219242722
0.5090416868023342
0.5173715216756066
0.5260333102854612
0.535062032990636
0.5444731517090694
0.5542869649741569
0.5645032500044683
0.5751185946178579
0.586100784129738
0.5974186446016
0.6090162821212817
0.6208373997651395
0.6327999079903569
0.6448306591797466
0.6568417371363557
0.6687547834654679
0.6804749219790537
0.6919243659919799
0.7030093995682992
0.7136324656092976
0.7236317123460869
0.7327392063881952
0.7403156358636683
0.7444435975009008
0.7355480832896937
2.6406486447328645E-7
-0.7355495686620636
-0.744446746519634
-0.7403203891732955
-0.7327421312951083
-0.723633044017761
-0.7136353506519574
-0.7030137847998267
-0.6919266955983967
-0.680475937761966
-0.6687572464963232
-0.6568455972402356
-0.6448328941903718
-0.6328007292893689
-0.6208395578190378
-0.6090197293631622
-0.5974207648552625
-0.586102124866553
-0.5751211595470851
-0.5645069981937462
-0.554289323451921
-0.5444743021171751
-0.5350643116986079
-0.5260366820014679
-0.5173734308486115
-0.5090426496074841
-0.5010174281926065
-0.49325857400490203
-0.4857425811394034
-0.47844369858095687
-0.47135108243769236
-0.46445108488883263
-0.45775082111951176
-0.45125825349533366
-0.4449969978339383
-0.43898596621967145
-0.4332591052085625
-0.42784562408328175
-0.4227810531103297
-0.4180883832708155
-0.4137959941076154
-0.4099203482529406
-0.40647647105298024
-0.4034626058335018
-0.40087894893690346
-0.39871288400450133
-0.3969520163051243
-0.3955709572532518
-0.3945510440641159
-0.39386693654906046
-0.39350044094650444
-0.39342789629948033
-0.39363801364498263
-0.39411918696032344
-0.394870325696001
-0.39588775551774635
-0.3971801327945997
-0.39875523217556236
-0.4006279454051658
-0.40280665711259567
-0.40530690498695376
-0.40813734102803817
-0.4113082833134157
-0.41481825965124136
-0.41866908387443597
-0.4228509867543893
-0.4273555653062572
-0.43216204673979597
-0.43725356107134283
-0.4426060104971775
-0.4481991264614269
-0.45400505085387666
-0.46000500701924957
-0.4661778760846212
-0.4725109237723379
-0.47898729412625773
-0.48560214881544855
-0.4923492806329209
-0.49923128315583526
-0.5062448555999118
-0.5133969138651723
-0.5206886722992313
-0.5281269310152291
-0.5357079326744693
-0.5434338240268173
-0.5512980790132178
-0.5592962002348066
-0.5674109681073084
-0.5756307970731392
-0.5839353998609518
-0.5923084200760259
-0.6007227349116177
-0.6091607503230728
-0.6175993699197243
-0.6260241059081121
-0.6344124586998374
-0.6427559543794051
-0.6510417622297194
-0.6592685006931163
-0.667426500201554
-0.675519952068367
-0.6835476513831462
-0.691517049020109
-0.6994237027304694
-0.7072743935145872
-0.7150667676864869
-0.7228041609050915
-0.730474603414289
-0.7380760729340038
-0.7455955714595887
-0.7530264525218543
-0.760346389942833
-0.7675461590655671
-0.7746061839611723
-0.7815179137004807
-0.7882591079587647
-0.7948242473183819
-0.8012010184749679
-0.8073900323425858
-0.8133793213772756
-0.8191754479140366
-0.8247776156583084
-0.8301974553812748
-0.8354313975314446
-0.8404931662951364
-0.8453853655442408
-0.8501207595174873
-0.8546932715881528
-0.8591133361264416
-0.863374193482651
-0.867481954656526
-0.8714212112881397
-0.8751931551937469
-0.8787857930177974
-0.8821988217249722
-0.8854131118252373
-0.8884295317818879
-0.8912383067668735
-0.8938441796847468
-0.8962348435484698
-0.8984204056990381
-0.9004007638041734
-0.9021912561432427
-0.9037888234593955
-0.9052126071766665
-0.9064680963420609
-0.9075755269837406
-0.9085327683267178
-0.9093577135303059
-0.9100528485512833
-0.9106324256981396
-0.9110866681627049
-0.9114256715343128
-0.9116434371235091
-0.9117470449476832
-0.9117200253167512
-0.9115685718034643
-0.9112842962480945
-0.9108749874734593
-0.9103267823491062
-0.9096515926421396
-0.9088468597036746
-0.9079290289373151
-0.9068925748804103
-0.9057573889975723
-0.9045292912185736
-0.9032303432317078
-0.901858663920425
-0.900435776087709
-0.8989666973853617
-0.8974703811704675
-0.8959393715295406
-0.8943885011314189
-0.8928145842735068
-0.8912284899244575
-0.8896145919195596
-0.8879813267264783
-0.8863191825517763
-0.8846360749835569
-0.8829151061465699
-0.8811654085952595
-0.8793817105687024
-0.877576489946926
-0.8757392734098439
-0.8738864800810169
-0.8720199976642371
-0.8701591763916445
-0.8682989235483032
-0.8664595703849166
-0.8646447065978864
-0.8628733190158846
-0.8611375148087055
-0.859453972375265
-0.8578177449119506
-0.8562413387992928
-0.8547087558626385
-0.8532274855556785
-0.8517874697684561
-0.8503939789318472
-0.849026920777618
-0.8476915148906846
-0.8463777584957592
-0.8450930600234204
-0.8438213202427524
-0.8425732858578829
-0.8413454637085395
-0.8401519867145016
-0.8389834914773682
-0.8378567842312403
-0.8367717183283592
-0.8357454054094354
-0.8347687939607252
-0.8338567112458334
-0.8330060092727237
-0.8322279160498461
-0.8315067369743209
-0.8308496432281305
-0.8302460777429336
-0.829700010380861
-0.8291898426119247
-0.8287181773237965
-0.8282718542336759
-0.8278543713673249
-0.8274457079711458
-0.8270526269251993
-0.8266661398511742
-0.8262964541932639
-0.8259307071072263
-0.82558186316692
-0.825248396375525
-0.8249450333069321
-0.8246624678590739
-0.8244151954885598
-0.8242013076305821
-0.8240329992552475
-0.8238968560674298
-0.8238015583886034
-0.8237386221652436
-0.8237132251783035
-0.8237053518080776
-0.823718175060705
-0.8237378257355259
-0.8237670605264107
-0.8237851030581398
-0.8237961141640546
-0.8237902489300304
-0.8237748651662047
-0.8237355082505662
-0.823683337906546
-0.8236158908958833
-0.8235472558719779
-0.8234690968820132
-0.8233969355096946
-0.8233309058322948
-0.8232859048893526
-0.8232520412277553
-0.8232410968496334
-0.8232494379382074
-0.8232853207384906
-0.8233323409433537
-0.8233962456702438
-0.8234662790897725
-0.8235464575401886
-0.8236171144916599
-0.8236824111534468
-0.8237324193078991
-0.8237737988983004
-0.8237912091918401
-0.8237949383128113
-0.8237817836167007
-0.8237657683724047
-0.823738565834
-0.8237172071636524
-0.8237026588450075
-0.823712565409672
-0.82374000203509
-0.8238007825256249
-0.8238939123545259
-0.8240320956762458
-0.8242024523222584
-0.8244141551413611
-0.8246592084172256
-0.8249438223901475
-0.8252492439183323
-0.8255805243628269
-0.8259271655393361
-0.8262949709562766
-0.8266667261827777
-0.8270515448255257
-0.8274429208423667
-0.8278536535902306
-0.8282732180315304
-0.828717321199935
-0.8291867477558134
-0.8296989939989405
-0.8302471531959477
-0.83084847201229
-0.8315032661443162
-0.8322265320003764
-0.8330067269718063
-0.8338551747223606
-0.8347649819547922
-0.8357436883662067
-0.8367721127615897
-0.8378553569109267
-0.8389802087873373
-0.8401508071052544
-0.8413464049588804
-0.8425719420867279
-0.8438176694345157
-0.8450915180368151
-0.8463783438820466
-0.8476897999251451
-0.8490228372700195
-0.8503920070451848
-0.8517876289243441
-0.8532253403455964
-0.8547042849784109
-0.8562389793120765
-0.8578175171833987
-0.8594525254434283
-0.8611347591038057
-0.8628726714814859
-0.8646461889312855
-0.8664587431971369
-0.8682957661296513
-0.8701581211340237
-0.8720210671417868
-0.8738852467762502
-0.8757356572537743
-0.877574966321712
-0.879382302654969
-0.8811637044405853
-0.8829110877912637
-0.8846341348766428
-0.8863193440449955
-0.887979649653893
-0.889611059763396
-0.8912270153624987
-0.8928151910497387
-0.8943868489983045
-0.8959354451813655
-0.8974684878533792
-0.8989668614986414
-0.9004337209897176
-0.9018543007110251
-0.9032279846331929
-0.9045289623719817
-0.9057548627237916
-0.9068878385893283
-0.9079262642546005
-0.9088460918355717
-0.9096491934893224
-0.910322719749363
-0.910872855276492
-0.9112841191686395
-0.9115662824533511
-0.9117156148180767
-0.9117445202356325
-0.9116428225955963
-0.9114230226528398
-0.9110818878503303
-0.9106294820396584
-0.910051766158872
-0.9093546331330833
-0.9085276830856197
-0.9075722245511836
-0.9064666014406557
-0.9052095831784266
-0.9037842720593094
-0.9021884271116877
-0.9003996816148827
-0.8984174560025489
-0.8962300213890841
-0.8938410183646411
-0.8912368299134213
-0.8884263009922305
-0.8854080181842434
-0.8821953241135035
-0.8787839143390157
-0.8751895644350182
-0.8714159046614092
-0.8674781746695043
-0.863371962972515
-0.8591104402750038
-0.8546899274705548
-0.850118860382596
-0.8453849329816111
-0.8404911767542159
-0.8354278451180827
-0.8301952738876256
-0.8247768267544013
-0.8191732424919651
-0.8133755707489941
-0.8073875798555069
-0.8011998850651133
-0.7948217270766297
-0.7882551930089093
-0.7815152220669012
-0.7746047353808032
-0.7675437705015057
-0.7603430313142541
-0.7530242380237164
-0.7455945201968686
-0.7380738014724861
-0.7304710989978063
-0.7228017267178628
-0.7150654226517819
-0.7072719863668407
-0.699420075533086
-0.6915144226708334
-0.6835460449367814
-0.6755172845169682
-0.6674227511928287
-0.6592656860065256
-0.6510399003473698
-0.6427535443260305
-0.6344093915182767
-0.6260219075306604
-0.6175980578709341
-0.6091585161106752
-0.6007195502521635
-0.5923060451374992
-0.5839338514803046
-0.5756284877771138
-0.5674076992664611
-0.5592936881950553
-0.5512963409445412
-0.5434312831382528
-0.5357045485328766
-0.5281242570654314
-0.5206867262400539
-0.513394561852633
-0.5062419543571246
-0.4992290524797592
-0.4923477386611983
-0.4855998849512032
-0.47898425510141035
-0.47250852580685726
-0.46617613680259856
-0.4600026931686543
-0.45400190937279666
-0.44819660412749435
-0.4426041247439612
-0.4372510042803989
-0.43215875175265206
-0.4273528745976667
-0.42284891803264324
-0.41866715635727003
-0.41481610305964556
-0.41130672488871667
-0.4081364007553977
-0.4053053007270506
-0.40280430434224196
-0.400626198869636
-0.39875411294557517
-0.39717847212994456
-0.39588523127237396
-0.3948684259788803
-0.39411793354248637
-0.39363606098845855
-0.393425144025142
-0.3934983406053882
-0.3938655097785432
-0.39454929494867336
-0.3955685690574848
-0.39695031665448244
-0.398711895675028
-0.4008771922688672
-0.40345996230567505
-0.40647456050976466
-0.40991919568039653
-0.41379417144360464
-0.418085484053412
-0.42277894142417144
-0.4278443281970092
-0.43325692210875005
-0.4389827566525372
-0.4449946430650513
-0.45125678359304333
-0.4577489858946425
-0.4644483915218695
-0.47134932258843903
-0.47844290268069106
-0.4857407519643488
-0.49325555546910893
-0.5010154219242728
-0.5090416868023349
-0.5173715216756073
-0.5260333102854619
-0.5350620329906367
-0.5444731517090701
-0.5542869649741577
-0.5645032500044692
-0.5751185946178587
-0.5861007841297389
-0.5974186446016009
-0.6090162821212826
-0.6208373997651404
-0.6327999079903578
-0.6448306591797475
-0.6568417371363566
-0.6687547834654688
-0.6804749219790546
-0.6919243659919808
-0.7030093995683001
-0.7136324656092985
-0.7236317123460878
-0.7327392063881961
-0.7403156358636692
-0.7444435975009017
-0.7355480832896946
