1.0
-0.9637714082915871
0.8577356028008962
-0.6895428377504653
0.47139673689121675
-0.21910027972844098
-0.04906801586500109
0.3136826394150696
-0.555569791804743
0.7572046337605405
-0.9039961609921391
0.9852803822411648
-0.9951840197259946
0.9329877067215099
-0.8032136476763582
0.6152334013687012
-0.38268340818702473
0.12241013693662167
0.14673168112939883
-0.4052425990741123
0.6343929590518951
-0.8175804693852052
0.9415514242884527
-0.9972934410466459
0.9807846577225042
-0.8932194813445397
0.7409567896551496
-0.5349992053561157
0.29028472153953705
-0.024541441153107357
-0.24298170891255533
0.4928991506491768
-0.7071062680760615
0.8700821813273588
-0.9700386135359519
0.9997015877810668
-0.9569396647839358
0.8448489739428305
-0.6715640774883047
0.44961269679759347
-0.19509042023509288
-0.07356376434337081
0.3368919885983085
-0.5758092272757814
0.7730091643972532
-0.9142039348405766
0.9891832535157272
-0.9924815984846993
0.9238789395429076
-0.7883421801557933
0.5957038533570098
-0.3598961342945193
0.09801733758013004
0.1709605791117496
-0.4275579924235504
0.6531742211358491
-0.8314683747777726
0.9495222685949409
-0.9988023683441966
0.9757042439871044
-0.8819201989643346
0.724242867462598
-0.514106551612495
0.26671368929481526
-1.304677403335397E-7
-0.2667112824263446
0.5141068558261052
-0.7242493767997487
0.8819209130531472
-0.975697078565234
0.9988033721370055
-0.949531167719132
0.8314692782560094
-0.6531695446812924
0.42755855733687675
-0.17096263873337703
-0.0980166519559788
0.3598925813891896
-0.5957034173420025
0.7883481852157048
-0.9238792780240487
0.9924744957009722
-0.9891844180045855
0.9142126807244644
-0.7730103075399979
0.5758054201801297
-0.3368926734290193
0.07356503180271917
0.19508984845476263
-0.4496084819474037
0.6715637482309182
-0.8448555915187944
0.9569393015771025
-0.9996930184806773
0.97003837083811
-0.8700892867711842
0.7071065223234309
-0.49289576495459414
0.2429822272527284
0.024541032788652772
-0.2902840604367205
0.5349942133585712
-0.7409563423982517
0.8932263641605466
-0.9807840337978113
0.9972844843126739
-0.9415507946133532
0.8175868313865633
-0.6343928395186358
0.4052393396653763
-0.14673196963055268
-0.12241037636271324
0.3826828445945651
-0.615227850321959
0.8032133262188248
-0.9329950800977038
0.9951837029712094
-0.9852719756818632
0.9039959563255484
-0.7572108931418144
0.555569901306057
-0.3136803044347939
0.049068436536457705
0.21910122825118733
-0.47139549688009114
0.6895356964507751
-0.85773405156462
0.9637776669915284
-0.9999999315429177
0.9637713423146085
-0.8577355440828194
0.6895427905463744
-0.47139670462077155
0.21910026472947514
0.04906801250594789
-0.31368261794127117
0.555569753772056
-0.7572045819245204
0.9039960991071994
-0.9852803147917445
0.9951839515986001
-0.9329876428518936
0.8032135926906954
-0.6152333592516174
0.38268338198963514
-0.1224101285567808
-0.14673167108457613
0.4052425713323865
-0.634392915623204
0.8175804134160316
-0.9415513598325893
0.9972933727748465
-0.9807845905808481
0.8932194201973401
-0.7409567389314095
0.5349991687316309
-0.290284701667492
0.02454143947307208
0.2429816922787364
-0.49289911690673893
0.7071062196696294
-0.8700821217640713
0.9700385471299388
-0.9997015193444128
0.9569395992746383
-0.8448489161069348
0.6715640315149873
-0.44961266601842004
0.19509040687977203
0.0735637593074101
-0.3368919655356659
0.5758091878575619
-0.7730091114793012
0.9142038722568425
-0.9891831857991277
0.9924815305423047
-0.923878876296851
0.7883421261881877
-0.595703812576862
0.3598961096570798
-0.09801733087014908
-0.17096056740828725
0.42755796315417777
-0.6531741764214478
0.8314683178578736
-0.9495222035934169
0.9988022999691006
-0.9757041771932385
0.881920138590651
-0.7242428178830446
0.5141065164182602
-0.26671367103637433
1.304677314517555E-7
0.2667112641680684
-0.5141068206318496
0.7242493272197494
-0.8819208526794148
0.9756970117718589
-0.9988033037618409
0.9495311027169988
-0.8314692213360484
0.6531694999672111
-0.42755852806746536
0.17096262702977366
0.09801664524604498
-0.35989255675199355
0.5957033765618845
-0.7883481312476883
0.9238792147779689
-0.9924744277590638
0.9891843502879061
-0.9142126181401315
0.7730102546219676
-0.5758053807621706
0.3368926503663298
-0.07356502676667165
-0.1950898350994808
0.44960845116851894
-0.6715637022576233
0.8448555336824455
-0.9569392360678299
0.9996929500446099
-0.9700383044321133
0.8700892272074102
-0.7071064739169813
0.4928957312123882
-0.24298221061887398
-0.02454103110864525
0.2902840405647206
-0.5349941767344283
0.7409562916745425
-0.8932263030128758
0.980783966656198
-0.9972844160414878
0.9415507301575329
-0.8175867754169541
0.6343927960899529
-0.40523931192387347
0.14673195958571023
0.12241036798285593
-0.382682818397214
0.6152278082052555
-0.803213271233184
0.9329950162275826
-0.9951836348438367
0.9852719082330184
-0.9039958944406227
0.7572108413053659
-0.5555698632733626
0.31368028296115547
-0.04906843317737569
-0.21910121325215665
0.47139546460973086
-0.6895356492471733
0.8577339928466494
-0.9637776010141214
1.0
-0.9637714082915871
0.8577356028008962
-0.6895428377504653
0.47139673689121675
-0.21910027972844098
-0.04906801586500109
0.3136826394150696
-0.555569791804743
0.7572046337605405
-0.9039961609921391
0.9852803822411648
-0.9951840197259946
0.9329877067215099
-0.8032136476763582
0.6152334013687012
-0.38268340818702473
0.12241013693662167
0.14673168112939883
-0.4052425990741123
0.6343929590518951
-0.8175804693852052
0.9415514242884527
-0.9972934410466459
0.9807846577225042
-0.8932194813445397
0.7409567896551496
-0.5349992053561157
0.29028472153953705
-0.024541441153107357
-0.24298170891255533
0.4928991506491768
-0.7071062680760615
0.8700821813273588
-0.9700386135359519
0.9997015877810668
-0.9569396647839358
0.8448489739428305
-0.6715640774883047
0.44961269679759347
-0.19509042023509288
-0.07356376434337081
0.3368919885983085
-0.5758092272757814
0.7730091643972532
-0.9142039348405766
0.9891832535157272
-0.9924815984846993
0.9238789395429076
-0.7883421801557933
0.5957038533570098
-0.3598961342945193
0.09801733758013004
0.1709605791117496
-0.4275579924235504
0.6531742211358491
-0.8314683747777726
0.9495222685949409
-0.9988023683441966
0.9757042439871044
-0.8819201989643346
0.724242867462598
-0.514106551612495
0.26671368929481526
-1.304677403335397E-7
-0.2667112824263446
0.5141068558261052
-0.7242493767997487
0.8819209130531472
-0.975697078565234
0.9988033721370055
-0.949531167719132
0.8314692782560094
-0.6531695446812924
0.42755855733687675
-0.17096263873337703
-0.0980166519559788
0.3598925813891896
-0.5957034173420025
0.7883481852157048
-0.9238792780240487
0.9924744957009722
-0.9891844180045855
0.9142126807244644
-0.7730103075399979
0.5758054201801297
-0.3368926734290193
0.07356503180271917
0.19508984845476263
-0.4496084819474037
0.6715637482309182
-0.8448555915187944
0.9569393015771025
-0.9996930184806773
0.97003837083811
-0.8700892867711842
0.7071065223234309
-0.49289576495459414
0.2429822272527284
0.024541032788652772
-0.2902840604367205
0.5349942133585712
-0.7409563423982517
0.8932263641605466
-0.9807840337978113
0.9972844843126739
-0.9415507946133532
0.8175868313865633
-0.6343928395186358
0.4052393396653763
-0.14673196963055268
-0.12241037636271324
0.3826828445945651
-0.615227850321959
0.8032133262188248
-0.9329950800977038
0.9951837029712094
-0.9852719756818632
0.9039959563255484
-0.7572108931418144
0.555569901306057
-0.3136803044347939
0.049068436536457705
0.21910122825118733
-0.47139549688009114
0.6895356964507751
-0.85773405156462
0.9637776669915284
-0.9999999315429177
0.9637713423146085
-0.8577355440828194
0.6895427905463744
-0.47139670462077155
0.21910026472947514
0.04906801250594789
-0.31368261794127117
0.555569753772056
-0.7572045819245204
0.9039960991071994
-0.9852803147917445
0.9951839515986001
-0.9329876428518936
0.8032135926906954
-0.6152333592516174
0.38268338198963514
-0.1224101285567808
-0.14673167108457613
0.4052425713323865
-0.634392915623204
0.8175804134160316
-0.9415513598325893
0.9972933727748465
-0.9807845905808481
0.8932194201973401
-0.7409567389314095
0.5349991687316309
-0.290284701667492
0.02454143947307208
0.2429816922787364
-0.49289911690673893
0.7071062196696294
-0.8700821217640713
0.9700385471299388
-0.9997015193444128
0.9569395992746383
-0.8448489161069348
0.6715640315149873
-0.44961266601842004
0.19509040687977203
0.0735637593074101
-0.3368919655356659
0.5758091878575619
-0.7730091114793012
0.9142038722568425
-0.9891831857991277
0.9924815305423047
-0.923878876296851
0.7883421261881877
-0.595703812576862
0.3598961096570798
-0.09801733087014908
-0.17096056740828725
0.42755796315417777
-0.6531741764214478
0.8314683178578736
-0.9495222035934169
0.9988022999691006
-0.9757041771932385
0.881920138590651
-0.7242428178830446
0.5141065164182602
-0.26671367103637433
1.304677314517555E-7
0.2667112641680684
-0.5141068206318496
0.7242493272197494
-0.8819208526794148
0.9756970117718589
-0.9988033037618409
0.9495311027169988
-0.8314692213360484
0.6531694999672111
-0.42755852806746536
0.17096262702977366
0.09801664524604498
-0.35989255675199355
0.5957033765618845
-0.7883481312476883
0.9238792147779689
-0.9924744277590638
0.9891843502879061
-0.9142126181401315
0.7730102546219676
-0.5758053807621706
0.3368926503663298
-0.07356502676667165
-0.1950898350994808
0.44960845116851894
-0.6715637022576233
0.8448555336824455
-0.9569392360678299
0.9996929500446099
-0.9700383044321133
0.8700892272074102
-0.7071064739169813
0.4928957312123882
-0.24298221061887398
-0.02454103110864525
0.2902840405647206
-0.5349941767344283
0.7409562916745425
-0.8932263030128758
0.980783966656198
-0.9972844160414878
0.9415507301575329
-0.8175867754169541
0.6343927960899529
-0.40523931192387347
0.14673195958571023
0.12241036798285593
-0.382682818397214
0.6152278082052555
-0.803213271233184
0.9329950162275826
-0.9951836348438367
0.9852719082330184
-0.9039958944406227
0.7572108413053659
-0.5555698632733626
0.31368028296115547
-0.04906843317737569
-0.21910121325215665
0.47139546460973086
-0.6895356492471733
0.8577339928466494
-0.9637776010141214
1.0
-0.9637714082915871
0.8577356028008962
-0.6895428377504653
0.47139673689121675
-0.21910027972844098
-0.04906801586500109
0.3136826394150696
-0.555569791804743
0.7572046337605405
-0.9039961609921391
0.9852803822411648
-0.9951840197259946
0.9329877067215099
-0.8032136476763582
0.6152334013687012
-0.38268340818702473
0.12241013693662167
0.14673168112939883
-0.4052425990741123
0.6343929590518951
-0.8175804693852052
0.9415514242884527
-0.9972934410466459
0.9807846577225042
-0.8932194813445397
0.7409567896551496
-0.5349992053561157
0.29028472153953705
-0.024541441153107357
-0.24298170891255533
0.4928991506491768
-0.7071062680760615
0.8700821813273588
-0.9700386135359519
0.9997015877810668
-0.9569396647839358
0.8448489739428305
-0.6715640774883047
0.44961269679759347
-0.19509042023509288
-0.07356376434337081
0.3368919885983085
-0.5758092272757814
0.7730091643972532
-0.9142039348405766
0.9891832535157272
-0.9924815984846993
0.9238789395429076
-0.7883421801557933
0.5957038533570098
-0.3598961342945193
0.09801733758013004
0.1709605791117496
-0.4275579924235504
0.6531742211358491
-0.8314683747777726
0.9495222685949409
-0.9988023683441966
0.9757042439871044
-0.8819201989643346
0.724242867462598
-0.514106551612495
0.26671368929481526
-1.304677403335397E-7
-0.2667112824263446
0.5141068558261052
-0.7242493767997487
0.8819209130531472
-0.975697078565234
0.9988033721370055
-0.949531167719132
0.8314692782560094
-0.6531695446812924
0.42755855733687675
-0.17096263873337703
-0.0980166519559788
0.3598925813891896
-0.5957034173420025
0.7883481852157048
-0.9238792780240487
0.9924744957009722
-0.9891844180045855
0.9142126807244644
-0.7730103075399979
0.5758054201801297
-0.3368926734290193
0.07356503180271917
0.19508984845476263
-0.4496084819474037
0.6715637482309182
-0.8448555915187944
0.9569393015771025
-0.9996930184806773
0.97003837083811
-0.8700892867711842
0.7071065223234309
-0.49289576495459414
0.2429822272527284
0.024541032788652772
-0.2902840604367205
0.5349942133585712
-0.7409563423982517
0.8932263641605466
-0.9807840337978113
0.9972844843126739
-0.9415507946133532
0.8175868313865633
-0.6343928395186358
0.4052393396653763
-0.14673196963055268
-0.12241037636271324
0.3826828445945651
-0.615227850321959
0.8032133262188248
-0.9329950800977038
0.9951837029712094
-0.9852719756818632
0.9039959563255484
-0.7572108931418144
0.555569901306057
-0.3136803044347939
0.049068436536457705
0.21910122825118733
-0.47139549688009114
0.6895356964507751
-0.85773405156462
0.9637776669915284
-0.9999999315429177
0.9637713423146085
-0.8577355440828194
0.6895427905463744
-0.47139670462077155
0.21910026472947514
0.04906801250594789
-0.31368261794127117
0.555569753772056
-0.7572045819245204
0.9039960991071994
-0.9852803147917445
0.9951839515986001
-0.9329876428518936
0.8032135926906954
-0.6152333592516174
0.38268338198963514
-0.1224101285567808
-0.14673167108457613
0.4052425713323865
-0.634392915623204
0.8175804134160316
-0.9415513598325893
0.9972933727748465
-0.9807845905808481
0.8932194201973401
-0.7409567389314095
0.5349991687316309
-0.290284701667492
0.02454143947307208
0.2429816922787364
-0.49289911690673893
0.7071062196696294
-0.8700821217640713
0.9700385471299388
-0.9997015193444128
0.9569395992746383
-0.8448489161069348
0.6715640315149873
-0.44961266601842004
0.19509040687977203
0.0735637593074101
-0.3368919655356659
0.5758091878575619
-0.7730091114793012
0.9142038722568425
-0.9891831857991277
0.9924815305423047
-0.923878876296851
0.7883421261881877
-0.595703812576862
0.3598961096570798
-0.09801733087014908
-0.17096056740828725
0.42755796315417777
-0.6531741764214478
0.8314683178578736
-0.9495222035934169
0.9988022999691006
-0.9757041771932385
0.881920138590651
-0.7242428178830446
0.5141065164182602
-0.26671367103637433
1.304677314517555E-7
0.2667112641680684
-0.5141068206318496
0.7242493272197494
-0.8819208526794148
0.9756970117718589
-0.9988033037618409
0.9495311027169988
-0.8314692213360484
0.6531694999672111
-0.42755852806746536
0.17096262702977366
0.09801664524604498
-0.35989255675199355
0.5957033765618845
-0.7883481312476883
0.9238792147779689
-0.9924744277590638
0.9891843502879061
-0.9142126181401315
0.7730102546219676
-0.5758053807621706
0.3368926503663298
-0.07356502676667165
-0.1950898350994808
0.44960845116851894
-0.6715637022576233
0.8448555336824455
-0.9569392360678299
0.9996929500446099
-0.9700383044321133
0.8700892272074102
-0.7071064739169813
0.4928957312123882
-0.24298221061887398
-0.02454103110864525
0.2902840405647206
-0.5349941767344283
0.7409562916745425
-0.8932263030128758
0.980783966656198
-0.9972844160414878
0.9415507301575329
-0.8175867754169541
0.6343927960899529
-0.40523931192387347
0.14673195958571023
0.12241036798285593
-0.382682818397214
0.6152278082052555
-0.803213271233184
0.9329950162275826
-0.9951836348438367
0.9852719082330184
-0.9039958944406227
0.7572108413053659
-0.5555698632733626
0.31368028296115547
-0.04906843317737569
-0.21910121325215665
0.47139546460973086
-0.6895356492471733
0.8577339928466494
-0.9637776010141214
1.0
-0.9637714082915871
0.8577356028008962
-0.6895428377504653
0.47139673689121675
-0.21910027972844098
-0.04906801586500109
0.3136826394150696
-0.555569791804743
0.7572046337605405
-0.9039961609921391
0.9852803822411648
-0.9951840197259946
0.9329877067215099
-0.8032136476763582
0.6152334013687012
-0.38268340818702473
0.12241013693662167
0.14673168112939883
-0.4052425990741123
0.6343929590518951
-0.8175804693852052
0.9415514242884527
-0.9972934410466459
0.9807846577225042
-0.8932194813445397
0.7409567896551496
-0.5349992053561157
0.29028472153953705
-0.024541441153107357
-0.24298170891255533
0.4928991506491768
-0.7071062680760615
0.8700821813273588
-0.9700386135359519
0.9997015877810668
-0.9569396647839358
0.8448489739428305
-0.6715640774883047
0.44961269679759347
-0.19509042023509288
-0.07356376434337081
0.3368919885983085
-0.5758092272757814
0.7730091643972532
-0.9142039348405766
0.9891832535157272
-0.9924815984846993
0.9238789395429076
-0.7883421801557933
0.5957038533570098
-0.3598961342945193
0.09801733758013004
0.1709605791117496
-0.4275579924235504
0.6531742211358491
-0.8314683747777726
0.9495222685949409
-0.9988023683441966
0.9757042439871044
-0.8819201989643346
0.724242867462598
-0.514106551612495
0.26671368929481526
-1.304677403335397E-7
-0.2667112824263446
0.5141068558261052
-0.7242493767997487
0.8819209130531472
-0.975697078565234
0.9988033721370055
-0.949531167719132
0.8314692782560094
-0.6531695446812924
0.42755855733687675
-0.17096263873337703
-0.0980166519559788
0.3598925813891896
-0.5957034173420025
0.7883481852157048
-0.9238792780240487
0.9924744957009722
-0.9891844180045855
0.9142126807244644
-0.7730103075399979
0.5758054201801297
-0.3368926734290193
0.07356503180271917
0.19508984845476263
-0.4496084819474037
0.6715637482309182
-0.8448555915187944
0.9569393015771025
-0.9996930184806773
0.97003837083811
-0.8700892867711842
0.7071065223234309
-0.49289576495459414
0.2429822272527284
0.024541032788652772
-0.2902840604367205
0.5349942133585712
-0.7409563423982517
0.8932263641605466
-0.9807840337978113
0.9972844843126739
-0.9415507946133532
0.8175868313865633
-0.6343928395186358
0.4052393396653763
-0.14673196963055268
-0.12241037636271324
0.3826828445945651
-0.615227850321959
0.8032133262188248
-0.9329950800977038
0.9951837029712094
-0.9852719756818632
0.9039959563255484
-0.7572108931418144
0.555569901306057
-0.3136803044347939
0.049068436536457705
0.21910122825118733
-0.47139549688009114
0.6895356964507751
-0.85773405156462
0.9637776669915284
-0.9999999315429177
0.9637713423146085
-0.8577355440828194
0.6895427905463744
-0.47139670462077155
0.21910026472947514
0.04906801250594789
-0.31368261794127117
0.555569753772056
-0.7572045819245204
0.9039960991071994
-0.9852803147917445
0.9951839515986001
-0.9329876428518936
0.8032135926906954
-0.6152333592516174
0.38268338198963514
-0.1224101285567808
-0.14673167108457613
0.4052425713323865
-0.634392915623204
0.8175804134160316
-0.9415513598325893
0.9972933727748465
-0.9807845905808481
0.8932194201973401
-0.7409567389314095
0.5349991687316309
-0.290284701667492
0.02454143947307208
0.2429816922787364
-0.49289911690673893
0.7071062196696294
-0.8700821217640713
0.9700385471299388
-0.9997015193444128
0.9569395992746383
-0.8448489161069348
0.6715640315149873
-0.44961266601842004
0.19509040687977203
0.0735637593074101
-0.3368919655356659
0.5758091878575619
-0.7730091114793012
0.9142038722568425
-0.9891831857991277
0.9924815305423047
-0.923878876296851
0.7883421261881877
-0.595703812576862
0.3598961096570798
-0.09801733087014908
-0.17096056740828725
0.42755796315417777
-0.6531741764214478
0.8314683178578736
-0.9495222035934169
0.9988022999691006
-0.9757041771932385
0.881920138590651
-0.7242428178830446
0.5141065164182602
-0.26671367103637433
1.304677314517555E-7
0.2667112641680684
-0.5141068206318496
0.7242493272197494
-0.8819208526794148
0.9756970117718589
-0.9988033037618409
0.9495311027169988
-0.8314692213360484
0.6531694999672111
-0.42755852806746536
0.17096262702977366
0.09801664524604498
-0.35989255675199355
0.5957033765618845
-0.7883481312476883
0.9238792147779689
-0.9924744277590638
0.9891843502879061
-0.9142126181401315
0.7730102546219676
-0.5758053807621706
0.3368926503663298
-0.07356502676667165
-0.1950898350994808
0.44960845116851894
-0.6715637022576233
0.8448555336824455
-0.9569392360678299
0.9996929500446099
-0.9700383044321133
0.8700892272074102
-0.7071064739169813
0.4928957312123882
-0.24298221061887398
-0.02454103110864525
0.2902840405647206
-0.5349941767344283
0.7409562916745425
-0.8932263030128758
0.980783966656198
-0.9972844160414878
0.9415507301575329
-0.8175867754169541
0.6343927960899529
-0.40523931192387347
0.14673195958571023
0.12241036798285593
-0.382682818397214
0.6152278082052555
-0.803213271233184
0.9329950162275826
-0.9951836348438367
0.9852719082330184
-0.9039958944406227
0.7572108413053659
-0.5555698632733626
0.31368028296115547
-0.04906843317737569
-0.21910121325215665
0.47139546460973086
-0.6895356492471733
0.8577339928466494
-0.9637776010141214
