0
0.005010051
0.010814266
0.016889136
0.022535117
0.026923545
0.029173053
0.028452273
0.024101135
0.015758615
0.003481027
-0.012167385
-0.030070106
-0.048576542
-0.06559396
-0.078756732
-0.085666593
-0.084186734
-0.072761813
-0.050726974
-0.018563368
0.021943191
0.06767886
0.114341108
0.156751442
0.189331246
0.206707304
0.204391174
0.179458055
0.131139346
0.061241237
-0.02568876
-0.122504235
-0.219936508
-0.307391462
-0.374009987
-0.409894822
-0.407373522
-0.362147164
-0.274171377
-0.148132654
0.006581313
0.176466077
0.34502447
0.494346728
0.606999233
0.66802323
0.666814537
0.598651202
0.465660998
0.277073519
0.048677677
-0.198503558
-0.440213955
-0.651445374
-0.809136046
-0.894782542
-0.896657892
-0.81136178
-0.64449709
-0.410363402
-0.130670982
0.167605053
0.455005919
0.702701146
0.88558192
0.984983017
0.990719701
0.902203385
0.728506198
0.487366909
0.203253983
-0.095289508
-0.3787129
-0.619586598
-0.795440278
-0.890998674
-0.899579311
-0.823519058
-0.673611883
-0.467654328
-0.228294095
0.019550574
0.25139527
0.445711794
0.585998494
0.6621941
0.671316663
0.617304327
0.510126795
0.3643147
0.197110054
0.026469379
-0.130849531
-0.260913723
-0.353799592
-0.404244215
-0.411740196
-0.380115617
-0.316694869
-0.231174109
-0.134363827
-0.036950262
0.051590892
0.123826781
0.174884008
0.202630547
0.207543822
0.19231854
0.161290475
0.11976328
0.07332495
0.027230074
-0.014093789
-0.047379401
-0.07067981
-0.08336334
-0.085969302
-0.079961848
-0.067425063
-0.050742175
-0.032296678
-0.014224488
0.001764363
0.014486936
0.023313958
0.028132203
0.029258491
0.027323722
0.023145371
0.017604683
0.011541246
0.005673165
0.000546574
-0.003485861
-0.006260997
-0.007781565
-0.008179588
-0.007673706
-0.006526464
-0.005006358
-0.003357797
-0.001780577
-0.000418997
0.00064039