0.0
0.7847318053245544
0.7894002795219421
0.7861725091934204
0.7835127711296082
0.7846344709396362
0.7865296602249146
0.7861347794532776
0.7846761345863342
0.7846989631652832
0.7858522534370422
0.7860514521598816
0.7851372361183167
0.7847979068756104
0.7855125069618225
0.7859395146369934
0.7853976488113403
0.7849202156066895
0.7853100895881653
0.7858096361160278
0.7855541706085205
0.7850548624992371
0.7851920127868652
0.7856730818748474
0.7856389284133911
0.7851904034614563
0.7851365804672241
0.7855412364006042
0.7856683135032654
0.785315990447998
0.7851302623748779
0.7854242324829102
0.7856544256210327
0.7854223847389221
0.7851613759994507
0.7853301763534546
0.7856090068817139
0.7855027914047241
0.7852181792259216
0.7852644324302673
0.7855437397956848
0.7855533957481384
0.7852891087532043
0.7852290868759155
0.7854699492454529
0.7855736613273621
0.7853630781173706
0.7852231860160828
0.7853982448577881
0.7855662107467651
0.7854304313659668
0.7852427363395691
0.7853372097015381
0.7855362296104431
0.7854835391044617
0.7852814197540283
0.7852932214736938
0.7854907512664795
0.7855174541473389
0.7853316068649292
0.7852697968482971
0.7854378819465637
0.7855302095413208
0.7853851318359375
0.7852675318717957
0.7853855490684509
0.7855226397514343
0.7854344844818115
0.785284161567688
0.7853408455848694
0.7854980230331421
0.7854732871055603
0.7853154540061951
0.7853089570999146
0.7854614853858948
0.7854974269866943
0.7853555679321289
0.7852930426597595
0.7854193449020386
0.785504937171936
0.7853981256484985
0.7852938175201416
0.7853779792785645
0.7854962944984436
0.7854369878768921
0.7853096723556519
0.7853429913520813
0.7854741215705872
0.7854669094085693
0.7853370904922485
0.785318911075592
0.7854426503181458
0.7854844927787781
0.7853713035583496
0.7853082418441772
0.7854070663452148
0.7854881882667542
0.7854068875312805
0.7853114604949951
0.7853727340698242
0.785478413105011
0.7854387164115906
0.7853271961212158
0.7853444814682007
0.7854575514793396
0.785462498664856
0.7853522896766663
0.7853259444236755
0.7854292988777161
0.7854753136634827
0.7853825688362122
0.7853191494941711
0.7853981852531433
0.78547602891922
0.7854133248329163
0.7853243947029114
0.7853688597679138
0.7854651808738708
0.7854400873184204
0.7853401899337769
0.7853454947471619
0.7854450941085815
0.7854592204093933
0.7853637337684631
0.7853311896324158
0.7854191064834595
0.7854683995246887
0.7853912115097046
0.7853274345397949
0.7853912711143494
0.7854666709899902
0.7854183316230774
0.7853344082832336
0.7853658199310303
0.7854549288749695
0.7854412198066711
0.7853504419326782
0.785346269607544
0.7854352593421936
0.7854567170143127
0.7853729128837585
0.7853353023529053
0.7854109406471252
0.7854628562927246
0.7853981852531433
0.7853341102600098
0.7853856682777405
0.7854591608047485
0.7854224443435669
0.7853425145149231
0.7853632569313049
0.7854465246200562
0.7854421734809875
0.7853588461875916
0.7853468656539917
0.7854270935058594
0.7854546904563904
0.785380482673645
0.7853386998176575
0.7854040861129761
0.7854583263397217
0.7854040265083313
0.7853396534919739
0.7853808999061584
0.7854528427124023
0.7854259610176086
0.7853493094444275
0.7853610515594482
0.7854393720626831
0.7854430675506592
0.7853659987449646
0.7853472828865051
0.7854201793670654
0.7854529619216919
0.7853870391845703
0.7853415608406067
0.7853981852531433
0.7854543924331665
0.785409152507782
0.7853444218635559
0.7853767275810242
0.785447359085083
0.785429060459137
0.785355269908905
0.7853590846061707
0.7854331731796265
0.785443902015686
0.7853723168373108
0.7853476405143738
0.7854139804840088
0.7854515314102173
0.7853928208351135
0.7853440642356873
0.7853928804397583
0.7854509949684143
0.7854137420654297
0.785348653793335
0.7853729724884033
0.7854425311088562
0.7854319214820862
0.7853606343269348
0.7853571772575378
0.7854275703430176
0.7854446768760681
0.7853780388832092
0.7853478789329529
0.7854083776473999
0.785450279712677
0.7853981852531433
0.785346269607544
0.7853879928588867
0.785447895526886
0.7854180335998535
0.7853524684906006
0.7853694558143616
0.785438060760498
0.7854346036911011
0.7853655219078064
0.7853554487228394
0.7854223847389221
0.785445511341095
0.7853832840919495
0.7853480577468872
0.7854031920433044
0.7854491472244263
0.7854031324386597
0.7853482961654663
0.785383403301239
0.7854450345039368
0.7854220867156982
0.7853560447692871
0.7853660583496094
0.7854338884353638
0.7854372262954712
0.7853701114654541
0.7853537201881409
0.7854174375534058
0.7854463458061218
0.7853883504867554
0.785348117351532
0.7853981852531433
0.7854481339454651
0.7854079604148865
0.7853501439094543
0.7853789925575256
0.7854423522949219
0.7854260206222534
0.7853594422340393
0.7853627800941467
0.7854298949241638
0.7854397892951965
0.7853745818138123
0.7853519320487976
0.7854126691818237
0.7854471802711487
0.785393238067627
0.7853481769561768
0.785393238067627
0.7854471802711487
0.7854126691818237
0.7853519320487976
0.7853745818138123
0.7854397892951965
0.7854298949241638
0.7853627800941467
0.7853594422340393
0.7854260206222534
0.7854423522949219
0.7853789925575256
0.7853501439094543
0.7854079604148865
0.7854481339454651
0.7853981852531433
0.785348117351532
0.7853883504867554
0.7854463458061218
0.7854174375534058
0.7853537201881409
0.7853701114654541
0.7854372262954712
0.7854338884353638
0.7853660583496094
0.7853560447692871
0.7854220867156982
0.7854450345039368
0.785383403301239
0.7853482961654663
0.7854031324386597
0.7854491472244263
0.7854031920433044
0.7853480577468872
0.7853832840919495
0.785445511341095
0.7854223847389221
0.7853554487228394
0.7853655219078064
0.7854346036911011
0.785438060760498
0.7853694558143616
0.7853524684906006
0.7854180335998535
0.785447895526886
0.7853879928588867
0.785346269607544
0.7853981852531433
0.785450279712677
0.7854083776473999
0.7853478789329529
0.7853780388832092
0.7854446768760681
0.7854275703430176
0.7853571772575378
0.7853606343269348
0.7854319214820862
0.7854425311088562
0.7853729724884033
0.785348653793335
0.7854137420654297
0.7854509949684143
0.7853928804397583
0.7853440642356873
0.7853928208351135
0.7854515314102173
0.7854139804840088
0.7853476405143738
0.7853723168373108
0.785443902015686
0.7854331731796265
0.7853590846061707
0.785355269908905
0.785429060459137
0.785447359085083
0.7853767275810242
0.7853444218635559
0.785409152507782
0.7854543924331665
0.7853981852531433
0.7853415608406067
0.7853870391845703
0.7854529619216919
0.7854201793670654
0.7853472828865051
0.7853659987449646
0.7854430675506592
0.7854393720626831
0.7853610515594482
0.7853493094444275
0.7854259610176086
0.7854528427124023
0.7853808999061584
0.7853396534919739
0.7854040265083313
0.7854583263397217
0.7854040861129761
0.7853386998176575
0.785380482673645
0.7854546904563904
0.7854270935058594
0.7853468656539917
0.7853588461875916
0.7854421734809875
0.7854465246200562
0.7853632569313049
0.7853425145149231
0.7854224443435669
0.7854591608047485
0.7853856682777405
0.7853341102600098
0.7853981852531433
0.7854628562927246
0.7854109406471252
0.7853353023529053
0.7853729128837585
0.7854567170143127
0.7854352593421936
0.785346269607544
0.7853504419326782
0.7854412198066711
0.7854549288749695
0.7853658199310303
0.7853344082832336
0.7854183316230774
0.7854666709899902
0.7853912711143494
0.7853274345397949
0.7853912115097046
0.7854683995246887
0.7854191064834595
0.7853311896324158
0.7853637337684631
0.7854592204093933
0.7854450941085815
0.7853454947471619
0.7853401899337769
0.7854400873184204
0.7854651808738708
0.7853688597679138
0.7853243947029114
0.7854133248329163
0.78547602891922
0.7853981852531433
0.7853191494941711
0.7853825688362122
0.7854753136634827
0.7854292988777161
0.7853259444236755
0.7853522896766663
0.785462498664856
0.7854575514793396
0.7853444814682007
0.7853271961212158
0.7854387164115906
0.785478413105011
0.7853727340698242
0.7853114604949951
0.7854068875312805
0.7854881882667542
0.7854070663452148
0.7853082418441772
0.7853713035583496
0.7854844927787781
0.7854426503181458
0.785318911075592
0.7853370904922485
0.7854669094085693
0.7854741215705872
0.7853429913520813
0.7853096723556519
0.7854369878768921
0.7854962944984436
0.7853779792785645
0.7852938175201416
0.7853981256484985
0.785504937171936
0.7854193449020386
0.7852930426597595
0.7853555679321289
0.7854974269866943
0.7854614853858948
0.7853089570999146
0.7853154540061951
0.7854732871055603
0.7854980230331421
0.7853408455848694
0.785284161567688
0.7854344844818115
0.7855226397514343
0.7853855490684509
0.7852675318717957
0.7853851318359375
0.7855302095413208
0.7854378819465637
0.7852697968482971
0.7853316068649292
0.7855174541473389
0.7854907512664795
0.7852932214736938
0.7852814197540283
0.7854835391044617
0.7855362296104431
0.7853372097015381
0.7852427363395691
0.7854304313659668
0.7855662107467651
0.7853982448577881
0.7852231860160828
0.7853630781173706
0.7855736613273621
0.7854699492454529
0.7852290868759155
0.7852891087532043
0.7855533957481384
0.7855437397956848
0.7852644324302673
0.7852181792259216
0.7855027914047241
0.7856090068817139
0.7853301763534546
0.7851613759994507
0.7854223847389221
0.7856544256210327
0.7854242324829102
0.7851302623748779
0.785315990447998
0.7856683135032654
0.7855412364006042
0.7851365804672241
0.7851904034614563
0.7856389284133911
0.7856730818748474
0.7851920127868652
0.7850548624992371
0.7855541706085205
0.7858096361160278
0.7853100895881653
0.7849202156066895
0.7853976488113403
0.7859395146369934
0.7855125069618225
0.7847979068756104
0.7851372361183167
0.7860514521598816
0.7858522534370422
0.7846989631652832
0.7846761345863342
0.7861347794532776
0.7865296602249146
0.7846344709396362
0.7835127711296082
0.7861725091934204
0.7894002795219421
0.7847318053245544
6.117121240968582E-13
-0.7847318053245544
-0.7894002795219421
-0.7861725091934204
-0.7835127711296082
-0.7846344709396362
-0.7865296602249146
-0.7861347794532776
-0.7846761345863342
-0.7846989631652832
-0.7858522534370422
-0.7860514521598816
-0.7851372361183167
-0.7847979068756104
-0.7855125069618225
-0.7859395146369934
-0.7853976488113403
-0.7849202156066895
-0.7853100895881653
-0.7858096361160278
-0.7855541706085205
-0.7850548624992371
-0.7851920127868652
-0.7856730818748474
-0.7856389284133911
-0.7851904034614563
-0.7851365804672241
-0.7855412364006042
-0.7856683135032654
-0.785315990447998
-0.7851302623748779
-0.7854242324829102
-0.7856544256210327
-0.7854223847389221
-0.7851613759994507
-0.7853301763534546
-0.7856090068817139
-0.7855027914047241
-0.7852181792259216
-0.7852644324302673
-0.7855437397956848
-0.7855533957481384
-0.7852891087532043
-0.7852290868759155
-0.7854699492454529
-0.7855736613273621
-0.7853630781173706
-0.7852231860160828
-0.7853982448577881
-0.7855662107467651
-0.7854304313659668
-0.7852427363395691
-0.7853372097015381
-0.7855362296104431
-0.7854835391044617
-0.7852814197540283
-0.7852932214736938
-0.7854907512664795
-0.7855174541473389
-0.7853316068649292
-0.7852697968482971
-0.7854378819465637
-0.7855302095413208
-0.7853851318359375
-0.7852675318717957
-0.7853855490684509
-0.7855226397514343
-0.7854344844818115
-0.785284161567688
-0.7853408455848694
-0.7854980230331421
-0.7854732871055603
-0.7853154540061951
-0.7853089570999146
-0.7854614853858948
-0.7854974269866943
-0.7853555679321289
-0.7852930426597595
-0.7854193449020386
-0.785504937171936
-0.7853981256484985
-0.7852938175201416
-0.7853779792785645
-0.7854962944984436
-0.7854369878768921
-0.7853096723556519
-0.7853429913520813
-0.7854741215705872
-0.7854669094085693
-0.7853370904922485
-0.785318911075592
-0.7854426503181458
-0.7854844927787781
-0.7853713035583496
-0.7853082418441772
-0.7854070663452148
-0.7854881882667542
-0.7854068875312805
-0.7853114604949951
-0.7853727340698242
-0.785478413105011
-0.7854387164115906
-0.7853271961212158
-0.7853444814682007
-0.7854575514793396
-0.785462498664856
-0.7853522896766663
-0.7853259444236755
-0.7854292988777161
-0.7854753136634827
-0.7853825688362122
-0.7853191494941711
-0.7853981852531433
-0.78547602891922
-0.7854133248329163
-0.7853243947029114
-0.7853688597679138
-0.7854651808738708
-0.7854400873184204
-0.7853401899337769
-0.7853454947471619
-0.7854450941085815
-0.7854592204093933
-0.7853637337684631
-0.7853311896324158
-0.7854191064834595
-0.7854683995246887
-0.7853912115097046
-0.7853274345397949
-0.7853912711143494
-0.7854666709899902
-0.7854183316230774
-0.7853344082832336
-0.7853658199310303
-0.7854549288749695
-0.7854412198066711
-0.7853504419326782
-0.785346269607544
-0.7854352593421936
-0.7854567170143127
-0.7853729128837585
-0.7853353023529053
-0.7854109406471252
-0.7854628562927246
-0.7853981852531433
-0.7853341102600098
-0.7853856682777405
-0.7854591608047485
-0.7854224443435669
-0.7853425145149231
-0.7853632569313049
-0.7854465246200562
-0.7854421734809875
-0.7853588461875916
-0.7853468656539917
-0.7854270935058594
-0.7854546904563904
-0.785380482673645
-0.7853386998176575
-0.7854040861129761
-0.7854583263397217
-0.7854040265083313
-0.7853396534919739
-0.7853808999061584
-0.7854528427124023
-0.7854259610176086
-0.7853493094444275
-0.7853610515594482
-0.7854393720626831
-0.7854430675506592
-0.7853659987449646
-0.7853472828865051
-0.7854201793670654
-0.7854529619216919
-0.7853870391845703
-0.7853415608406067
-0.7853981852531433
-0.7854543924331665
-0.785409152507782
-0.7853444218635559
-0.7853767275810242
-0.785447359085083
-0.785429060459137
-0.785355269908905
-0.7853590846061707
-0.7854331731796265
-0.785443902015686
-0.7853723168373108
-0.7853476405143738
-0.7854139804840088
-0.7854515314102173
-0.7853928208351135
-0.7853440642356873
-0.7853928804397583
-0.7854509949684143
-0.7854137420654297
-0.785348653793335
-0.7853729724884033
-0.7854425311088562
-0.7854319214820862
-0.7853606343269348
-0.7853571772575378
-0.7854275703430176
-0.7854446768760681
-0.7853780388832092
-0.7853478789329529
-0.7854083776473999
-0.785450279712677
-0.7853981852531433
-0.785346269607544
-0.7853879928588867
-0.785447895526886
-0.7854180335998535
-0.7853524684906006
-0.7853694558143616
-0.785438060760498
-0.7854346036911011
-0.7853655219078064
-0.7853554487228394
-0.7854223847389221
-0.785445511341095
-0.7853832840919495
-0.7853480577468872
-0.7854031920433044
-0.7854491472244263
-0.7854031324386597
-0.7853482961654663
-0.785383403301239
-0.7854450345039368
-0.7854220867156982
-0.7853560447692871
-0.7853660583496094
-0.7854338884353638
-0.7854372262954712
-0.7853701114654541
-0.7853537201881409
-0.7854174375534058
-0.7854463458061218
-0.7853883504867554
-0.785348117351532
-0.7853981852531433
-0.7854481339454651
-0.7854079604148865
-0.7853501439094543
-0.7853789925575256
-0.7854423522949219
-0.7854260206222534
-0.7853594422340393
-0.7853627800941467
-0.7854298949241638
-0.7854397892951965
-0.7853745818138123
-0.7853519320487976
-0.7854126691818237
-0.7854471802711487
-0.785393238067627
-0.7853481769561768
-0.785393238067627
-0.7854471802711487
-0.7854126691818237
-0.7853519320487976
-0.7853745818138123
-0.7854397892951965
-0.7854298949241638
-0.7853627800941467
-0.7853594422340393
-0.7854260206222534
-0.7854423522949219
-0.7853789925575256
-0.7853501439094543
-0.7854079604148865
-0.7854481339454651
-0.7853981852531433
-0.785348117351532
-0.7853883504867554
-0.7854463458061218
-0.7854174375534058
-0.7853537201881409
-0.7853701114654541
-0.7854372262954712
-0.7854338884353638
-0.7853660583496094
-0.7853560447692871
-0.7854220867156982
-0.7854450345039368
-0.785383403301239
-0.7853482961654663
-0.7854031324386597
-0.7854491472244263
-0.7854031920433044
-0.7853480577468872
-0.7853832840919495
-0.785445511341095
-0.7854223847389221
-0.7853554487228394
-0.7853655219078064
-0.7854346036911011
-0.785438060760498
-0.7853694558143616
-0.7853524684906006
-0.7854180335998535
-0.785447895526886
-0.7853879928588867
-0.785346269607544
-0.7853981852531433
-0.785450279712677
-0.7854083776473999
-0.7853478789329529
-0.7853780388832092
-0.7854446768760681
-0.7854275703430176
-0.7853571772575378
-0.7853606343269348
-0.7854319214820862
-0.7854425311088562
-0.7853729724884033
-0.785348653793335
-0.7854137420654297
-0.7854509949684143
-0.7853928804397583
-0.7853440642356873
-0.7853928208351135
-0.7854515314102173
-0.7854139804840088
-0.7853476405143738
-0.7853723168373108
-0.785443902015686
-0.7854331731796265
-0.7853590846061707
-0.785355269908905
-0.785429060459137
-0.785447359085083
-0.7853767275810242
-0.7853444218635559
-0.785409152507782
-0.7854543924331665
-0.7853981852531433
-0.7853415608406067
-0.7853870391845703
-0.7854529619216919
-0.7854201793670654
-0.7853472828865051
-0.7853659987449646
-0.7854430675506592
-0.7854393720626831
-0.7853610515594482
-0.7853493094444275
-0.7854259610176086
-0.7854528427124023
-0.7853808999061584
-0.7853396534919739
-0.7854040265083313
-0.7854583263397217
-0.7854040861129761
-0.7853386998176575
-0.785380482673645
-0.7854546904563904
-0.7854270935058594
-0.7853468656539917
-0.7853588461875916
-0.7854421734809875
-0.7854465246200562
-0.7853632569313049
-0.7853425145149231
-0.7854224443435669
-0.7854591608047485
-0.7853856682777405
-0.7853341102600098
-0.7853981852531433
-0.7854628562927246
-0.7854109406471252
-0.7853353023529053
-0.7853729128837585
-0.7854567170143127
-0.7854352593421936
-0.785346269607544
-0.7853504419326782
-0.7854412198066711
-0.7854549288749695
-0.7853658199310303
-0.7853344082832336
-0.7854183316230774
-0.7854666709899902
-0.7853912711143494
-0.7853274345397949
-0.7853912115097046
-0.7854683995246887
-0.7854191064834595
-0.7853311896324158
-0.7853637337684631
-0.7854592204093933
-0.7854450941085815
-0.7853454947471619
-0.7853401899337769
-0.7854400873184204
-0.7854651808738708
-0.7853688597679138
-0.7853243947029114
-0.7854133248329163
-0.78547602891922
-0.7853981852531433
-0.7853191494941711
-0.7853825688362122
-0.7854753136634827
-0.7854292988777161
-0.7853259444236755
-0.7853522896766663
-0.785462498664856
-0.7854575514793396
-0.7853444814682007
-0.7853271961212158
-0.7854387164115906
-0.785478413105011
-0.7853727340698242
-0.7853114604949951
-0.7854068875312805
-0.7854881882667542
-0.7854070663452148
-0.7853082418441772
-0.7853713035583496
-0.7854844927787781
-0.7854426503181458
-0.785318911075592
-0.7853370904922485
-0.7854669094085693
-0.7854741215705872
-0.7853429913520813
-0.7853096723556519
-0.7854369878768921
-0.7854962944984436
-0.7853779792785645
-0.7852938175201416
-0.7853981256484985
-0.785504937171936
-0.7854193449020386
-0.7852930426597595
-0.7853555679321289
-0.7854974269866943
-0.7854614853858948
-0.7853089570999146
-0.7853154540061951
-0.7854732871055603
-0.7854980230331421
-0.7853408455848694
-0.785284161567688
-0.7854344844818115
-0.7855226397514343
-0.7853855490684509
-0.7852675318717957
-0.7853851318359375
-0.7855302095413208
-0.7854378819465637
-0.7852697968482971
-0.7853316068649292
-0.7855174541473389
-0.7854907512664795
-0.7852932214736938
-0.7852814197540283
-0.7854835391044617
-0.7855362296104431
-0.7853372097015381
-0.7852427363395691
-0.7854304313659668
-0.7855662107467651
-0.7853982448577881
-0.7852231860160828
-0.7853630781173706
-0.7855736613273621
-0.7854699492454529
-0.7852290868759155
-0.7852891087532043
-0.7855533957481384
-0.7855437397956848
-0.7852644324302673
-0.7852181792259216
-0.7855027914047241
-0.7856090068817139
-0.7853301763534546
-0.7851613759994507
-0.7854223847389221
-0.7856544256210327
-0.7854242324829102
-0.7851302623748779
-0.785315990447998
-0.7856683135032654
-0.7855412364006042
-0.7851365804672241
-0.7851904034614563
-0.7856389284133911
-0.7856730818748474
-0.7851920127868652
-0.7850548624992371
-0.7855541706085205
-0.7858096361160278
-0.7853100895881653
-0.7849202156066895
-0.7853976488113403
-0.7859395146369934
-0.7855125069618225
-0.7847979068756104
-0.7851372361183167
-0.7860514521598816
-0.7858522534370422
-0.7846989631652832
-0.7846761345863342
-0.7861347794532776
-0.7865296602249146
-0.7846344709396362
-0.7835127711296082
-0.7861725091934204
-0.7894002795219421
-0.7847318053245544
