0.0
0.06130804494023323
0.12230953574180603
0.18270064890384674
0.24218305945396423
0.30046653747558594
0.35727164149284363
0.4123319983482361
0.46539679169654846
0.5162328481674194
0.5646266937255859
0.610386073589325
0.6533417701721191
0.6933489441871643
0.7302877306938171
0.7640645503997803
0.7946123480796814
0.8218909502029419
0.8458868861198425
0.8666131496429443
0.88410884141922
0.898438036441803
0.9096888303756714
0.9179720878601074
0.9234199523925781
0.9261839389801025
0.9264332056045532
0.9243526458740234
0.9201403260231018
0.9140055179595947
0.9061663746833801
0.8968472480773926
0.8862765431404114
0.8746841549873352
0.8622992038726807
0.8493474721908569
0.8360494375228882
0.8226178884506226
0.8092561364173889
0.7961559295654297
0.783496081829071
0.7714405059814453
0.7601373195648193
0.7497175931930542
0.7402943968772888
0.731962263584137
0.7247968316078186
0.7188543081283569
0.7141720652580261
0.7107683420181274
0.7086430191993713
0.7077783346176147
0.7081395983695984
0.7096763253211975
0.7123233675956726
0.7160024642944336
0.7206235527992249
0.7260863780975342
0.7322822213172913
0.7390956878662109
0.7464061975479126
0.7540901303291321
0.7620224356651306
0.7700783014297485
0.7781349420547485
0.7860732674598694
0.7937793135643005
0.8011457324028015
0.8080729842185974
0.8144707679748535
0.8202585577964783
0.8253670930862427
0.8297384977340698
0.8333269953727722
0.8360994458198547
0.8380351066589355
0.83912593126297
0.8393762111663818
0.8388024568557739
0.8374324440956116
0.8353050351142883
0.8324691653251648
0.8289827108383179
0.8249120116233826
0.8203302025794983
0.8153162598609924
0.8099538683891296
0.8043299913406372
0.7985334992408752
0.7926539778709412
0.7867804765701294
0.7810000777244568
0.7753968238830566
0.7700506448745728
0.7650359869003296
0.7604212164878845
0.7562674880027771
0.7526280879974365
0.7495477795600891
0.7470625042915344
0.745198667049408
0.7439731955528259
0.7433934211730957
0.7434569001197815
0.7441520094871521
0.7454580068588257
0.7473454475402832
0.7497768402099609
0.7527074217796326
0.7560856938362122
0.7598544359207153
0.7639515399932861
0.7683110237121582
0.7728641033172607
0.7775400280952454
0.7822674512863159
0.7869751453399658
0.7915932536125183
0.7960543036460876
0.8002939224243164
0.804252028465271
0.8078734278678894
0.8111086487770081
0.8139145970344543
0.8162549734115601
0.8181009888648987
0.8194313049316406
0.8202326893806458
0.8204996585845947
0.8202348351478577
0.8194486498832703
0.8181590437889099
0.8163911700248718
0.8141770362854004
0.8115547895431519
0.8085682392120361
0.8052659630775452
0.8017008900642395
0.7979289889335632
0.7940088510513306
0.7900005578994751
0.7859647870063782
0.7819621562957764
0.7780520915985107
0.7742918729782104
0.7707362771034241
0.7674362063407898
0.7644385099411011
0.7617850303649902
0.7595120072364807
0.757649838924408
0.7562224268913269
0.755247175693512
0.7547343969345093
0.7546877264976501
0.755103588104248
0.7559718489646912
0.7572754621505737
0.7589913606643677
0.7610903382301331
0.7635379433631897
0.7662946581840515
0.7693167924880981
0.7725570201873779
0.7759653329849243
0.7794893383979797
0.7830755114555359
0.7866698503494263
0.7902185320854187
0.793668806552887
0.7969698309898376
0.8000733256340027
0.8029342889785767
0.8055116534233093
0.8077688217163086
0.8096742630004883
0.8112017512321472
0.812330961227417
0.8130475878715515
0.8133435845375061
0.8132171630859375
0.8126728534698486
0.8117212653160095
0.810379147529602
0.8086689114570618
0.8066182732582092
0.8042598366737366
0.8016306161880493
0.7987715601921082
0.7957265973091125
0.7925422787666321
0.7892671227455139
0.7859504818916321
0.7826422452926636
0.779391884803772
0.7762477397918701
0.7732564210891724
0.770461916923523
0.7679051160812378
0.7656232714653015
0.7636492252349854
0.7620112299919128
0.7607323527336121
0.7598301768302917
0.759316623210907
0.7591978311538696
0.759473979473114
0.7601394057273865
0.7611826062202454
0.7625865936279297
0.7643289566040039
0.7663824558258057
0.7687151432037354
0.7712912559509277
0.7740712761878967
0.7770129442214966
0.7800716757774353
0.7832013368606567
0.7863547205924988
0.7894845604896545
0.7925440669059753
0.7954875230789185
0.7982712388038635
0.8008538484573364
0.8031972050666809
0.805266797542572
0.8070321679115295
0.8084676861763
0.8095525503158569
0.8102712035179138
0.8106136918067932
0.8105756640434265
0.810158371925354
0.8093687295913696
0.8082193732261658
0.8067280650138855
0.8049176931381226
0.8028159141540527
0.8004546761512756
0.7978698015213013
0.795100212097168
0.7921878099441528
0.789176344871521
0.7861111164093018
0.7830380797386169
0.7800034284591675
0.7770525813102722
0.7742297649383545
0.7715771794319153
0.769134521484375
0.7669382691383362
0.7650213241577148
0.7634122967720032
0.7621352076530457
0.7612091302871704
0.7606478929519653
0.7604598999023438
0.7606478929519653
0.7612091302871704
0.7621352076530457
0.7634122967720032
0.7650213241577148
0.7669382691383362
0.769134521484375
0.7715771794319153
0.7742297649383545
0.7770525813102722
0.7800034284591675
0.7830380797386169
0.7861111164093018
0.789176344871521
0.7921878099441528
0.795100212097168
0.7978698015213013
0.8004546761512756
0.8028159141540527
0.8049176931381226
0.8067280650138855
0.8082193732261658
0.8093687295913696
0.810158371925354
0.8105756640434265
0.8106136918067932
0.8102712035179138
0.8095525503158569
0.8084676861763
0.8070321679115295
0.805266797542572
0.8031972050666809
0.8008538484573364
0.7982712388038635
0.7954875230789185
0.7925440669059753
0.7894845604896545
0.7863547205924988
0.7832013368606567
0.7800716757774353
0.7770129442214966
0.7740712761878967
0.7712912559509277
0.7687151432037354
0.7663824558258057
0.7643289566040039
0.7625865936279297
0.7611826062202454
0.7601394057273865
0.759473979473114
0.7591978311538696
0.759316623210907
0.7598301768302917
0.7607323527336121
0.7620112299919128
0.7636492252349854
0.7656232714653015
0.7679051160812378
0.770461916923523
0.7732564210891724
0.7762477397918701
0.779391884803772
0.7826422452926636
0.7859504818916321
0.7892671227455139
0.7925422787666321
0.7957265973091125
0.7987715601921082
0.8016306161880493
0.8042598366737366
0.8066182732582092
0.8086689114570618
0.810379147529602
0.8117212653160095
0.8126728534698486
0.8132171630859375
0.8133435845375061
0.8130475878715515
0.812330961227417
0.8112017512321472
0.8096742630004883
0.8077688217163086
0.8055116534233093
0.8029342889785767
0.8000733256340027
0.7969698309898376
0.793668806552887
0.7902185320854187
0.7866698503494263
0.7830755114555359
0.7794893383979797
0.7759653329849243
0.7725570201873779
0.7693167924880981
0.7662946581840515
0.7635379433631897
0.7610903382301331
0.7589913606643677
0.7572754621505737
0.7559718489646912
0.755103588104248
0.7546877264976501
0.7547343969345093
0.755247175693512
0.7562224268913269
0.757649838924408
0.7595120072364807
0.7617850303649902
0.7644385099411011
0.7674362063407898
0.7707362771034241
0.7742918729782104
0.7780520915985107
0.7819621562957764
0.7859647870063782
0.7900005578994751
0.7940088510513306
0.7979289889335632
0.8017008900642395
0.8052659630775452
0.8085682392120361
0.8115547895431519
0.8141770362854004
0.8163911700248718
0.8181590437889099
0.8194486498832703
0.8202348351478577
0.8204996585845947
0.8202326893806458
0.8194313049316406
0.8181009888648987
0.8162549734115601
0.8139145970344543
0.8111086487770081
0.8078734278678894
0.804252028465271
0.8002939224243164
0.7960543036460876
0.7915932536125183
0.7869751453399658
0.7822674512863159
0.7775400280952454
0.7728641033172607
0.7683110237121582
0.7639515399932861
0.7598544359207153
0.7560856938362122
0.7527074217796326
0.7497768402099609
0.7473454475402832
0.7454580068588257
0.7441520094871521
0.7434569001197815
0.7433934211730957
0.7439731955528259
0.745198667049408
0.7470625042915344
0.7495477795600891
0.7526280879974365
0.7562674880027771
0.7604212164878845
0.7650359869003296
0.7700506448745728
0.7753968238830566
0.7810000777244568
0.7867804765701294
0.7926539778709412
0.7985334992408752
0.8043299913406372
0.8099538683891296
0.8153162598609924
0.8203302025794983
0.8249120116233826
0.8289827108383179
0.8324691653251648
0.8353050351142883
0.8374324440956116
0.8388024568557739
0.8393762111663818
0.83912593126297
0.8380351066589355
0.8360994458198547
0.8333269953727722
0.8297384977340698
0.8253670930862427
0.8202585577964783
0.8144707679748535
0.8080729842185974
0.8011457324028015
0.7937793135643005
0.7860732674598694
0.7781349420547485
0.7700783014297485
0.7620224356651306
0.7540901303291321
0.7464061975479126
0.7390956878662109
0.7322822213172913
0.7260863780975342
0.7206235527992249
0.7160024642944336
0.7123233675956726
0.7096763253211975
0.7081395983695984
0.7077783346176147
0.7086430191993713
0.7107683420181274
0.7141720652580261
0.7188543081283569
0.7247968316078186
0.731962263584137
0.7402943968772888
0.7497175931930542
0.7601373195648193
0.7714405059814453
0.783496081829071
0.7961559295654297
0.8092561364173889
0.8226178884506226
0.8360494375228882
0.8493474721908569
0.8622992038726807
0.8746841549873352
0.8862765431404114
0.8968472480773926
0.9061663746833801
0.9140055179595947
0.9201403260231018
0.9243526458740234
0.9264332056045532
0.9261839389801025
0.9234199523925781
0.9179720878601074
0.9096888303756714
0.898438036441803
0.88410884141922
0.8666131496429443
0.8458868861198425
0.8218909502029419
0.7946123480796814
0.7640645503997803
0.7302877306938171
0.6933489441871643
0.6533417701721191
0.610386073589325
0.5646266937255859
0.5162328481674194
0.46539679169654846
0.4123319983482361
0.35727164149284363
0.30046653747558594
0.24218305945396423
0.18270064890384674
0.12230953574180603
0.06130804494023323
1.4891845064355464E-15
-0.06130804494023323
-0.12230953574180603
-0.18270064890384674
-0.24218305945396423
-0.30046653747558594
-0.35727164149284363
-0.4123319983482361
-0.46539679169654846
-0.5162328481674194
-0.5646266937255859
-0.610386073589325
-0.6533417701721191
-0.6933489441871643
-0.7302877306938171
-0.7640645503997803
-0.7946123480796814
-0.8218909502029419
-0.8458868861198425
-0.8666131496429443
-0.88410884141922
-0.898438036441803
-0.9096888303756714
-0.9179720878601074
-0.9234199523925781
-0.9261839389801025
-0.9264332056045532
-0.9243526458740234
-0.9201403260231018
-0.9140055179595947
-0.9061663746833801
-0.8968472480773926
-0.8862765431404114
-0.8746841549873352
-0.8622992038726807
-0.8493474721908569
-0.8360494375228882
-0.8226178884506226
-0.8092561364173889
-0.7961559295654297
-0.783496081829071
-0.7714405059814453
-0.7601373195648193
-0.7497175931930542
-0.7402943968772888
-0.731962263584137
-0.7247968316078186
-0.7188543081283569
-0.7141720652580261
-0.7107683420181274
-0.7086430191993713
-0.7077783346176147
-0.7081395983695984
-0.7096763253211975
-0.7123233675956726
-0.7160024642944336
-0.7206235527992249
-0.7260863780975342
-0.7322822213172913
-0.7390956878662109
-0.7464061975479126
-0.7540901303291321
-0.7620224356651306
-0.7700783014297485
-0.7781349420547485
-0.7860732674598694
-0.7937793135643005
-0.8011457324028015
-0.8080729842185974
-0.8144707679748535
-0.8202585577964783
-0.8253670930862427
-0.8297384977340698
-0.8333269953727722
-0.8360994458198547
-0.8380351066589355
-0.83912593126297
-0.8393762111663818
-0.8388024568557739
-0.8374324440956116
-0.8353050351142883
-0.8324691653251648
-0.8289827108383179
-0.8249120116233826
-0.8203302025794983
-0.8153162598609924
-0.8099538683891296
-0.8043299913406372
-0.7985334992408752
-0.7926539778709412
-0.7867804765701294
-0.7810000777244568
-0.7753968238830566
-0.7700506448745728
-0.7650359869003296
-0.7604212164878845
-0.7562674880027771
-0.7526280879974365
-0.7495477795600891
-0.7470625042915344
-0.745198667049408
-0.7439731955528259
-0.7433934211730957
-0.7434569001197815
-0.7441520094871521
-0.7454580068588257
-0.7473454475402832
-0.7497768402099609
-0.7527074217796326
-0.7560856938362122
-0.7598544359207153
-0.7639515399932861
-0.7683110237121582
-0.7728641033172607
-0.7775400280952454
-0.7822674512863159
-0.7869751453399658
-0.7915932536125183
-0.7960543036460876
-0.8002939224243164
-0.804252028465271
-0.8078734278678894
-0.8111086487770081
-0.8139145970344543
-0.8162549734115601
-0.8181009888648987
-0.8194313049316406
-0.8202326893806458
-0.8204996585845947
-0.8202348351478577
-0.8194486498832703
-0.8181590437889099
-0.8163911700248718
-0.8141770362854004
-0.8115547895431519
-0.8085682392120361
-0.8052659630775452
-0.8017008900642395
-0.7979289889335632
-0.7940088510513306
-0.7900005578994751
-0.7859647870063782
-0.7819621562957764
-0.7780520915985107
-0.7742918729782104
-0.7707362771034241
-0.7674362063407898
-0.7644385099411011
-0.7617850303649902
-0.7595120072364807
-0.757649838924408
-0.7562224268913269
-0.755247175693512
-0.7547343969345093
-0.7546877264976501
-0.755103588104248
-0.7559718489646912
-0.7572754621505737
-0.7589913606643677
-0.7610903382301331
-0.7635379433631897
-0.7662946581840515
-0.7693167924880981
-0.7725570201873779
-0.7759653329849243
-0.7794893383979797
-0.7830755114555359
-0.7866698503494263
-0.7902185320854187
-0.793668806552887
-0.7969698309898376
-0.8000733256340027
-0.8029342889785767
-0.8055116534233093
-0.8077688217163086
-0.8096742630004883
-0.8112017512321472
-0.812330961227417
-0.8130475878715515
-0.8133435845375061
-0.8132171630859375
-0.8126728534698486
-0.8117212653160095
-0.810379147529602
-0.8086689114570618
-0.8066182732582092
-0.8042598366737366
-0.8016306161880493
-0.7987715601921082
-0.7957265973091125
-0.7925422787666321
-0.7892671227455139
-0.7859504818916321
-0.7826422452926636
-0.779391884803772
-0.7762477397918701
-0.7732564210891724
-0.770461916923523
-0.7679051160812378
-0.7656232714653015
-0.7636492252349854
-0.7620112299919128
-0.7607323527336121
-0.7598301768302917
-0.759316623210907
-0.7591978311538696
-0.759473979473114
-0.7601394057273865
-0.7611826062202454
-0.7625865936279297
-0.7643289566040039
-0.7663824558258057
-0.7687151432037354
-0.7712912559509277
-0.7740712761878967
-0.7770129442214966
-0.7800716757774353
-0.7832013368606567
-0.7863547205924988
-0.7894845604896545
-0.7925440669059753
-0.7954875230789185
-0.7982712388038635
-0.8008538484573364
-0.8031972050666809
-0.805266797542572
-0.8070321679115295
-0.8084676861763
-0.8095525503158569
-0.8102712035179138
-0.8106136918067932
-0.8105756640434265
-0.810158371925354
-0.8093687295913696
-0.8082193732261658
-0.8067280650138855
-0.8049176931381226
-0.8028159141540527
-0.8004546761512756
-0.7978698015213013
-0.795100212097168
-0.7921878099441528
-0.789176344871521
-0.7861111164093018
-0.7830380797386169
-0.7800034284591675
-0.7770525813102722
-0.7742297649383545
-0.7715771794319153
-0.769134521484375
-0.7669382691383362
-0.7650213241577148
-0.7634122967720032
-0.7621352076530457
-0.7612091302871704
-0.7606478929519653
-0.7604598999023438
-0.7606478929519653
-0.7612091302871704
-0.7621352076530457
-0.7634122967720032
-0.7650213241577148
-0.7669382691383362
-0.769134521484375
-0.7715771794319153
-0.7742297649383545
-0.7770525813102722
-0.7800034284591675
-0.7830380797386169
-0.7861111164093018
-0.789176344871521
-0.7921878099441528
-0.795100212097168
-0.7978698015213013
-0.8004546761512756
-0.8028159141540527
-0.8049176931381226
-0.8067280650138855
-0.8082193732261658
-0.8093687295913696
-0.810158371925354
-0.8105756640434265
-0.8106136918067932
-0.8102712035179138
-0.8095525503158569
-0.8084676861763
-0.8070321679115295
-0.805266797542572
-0.8031972050666809
-0.8008538484573364
-0.7982712388038635
-0.7954875230789185
-0.7925440669059753
-0.7894845604896545
-0.7863547205924988
-0.7832013368606567
-0.7800716757774353
-0.7770129442214966
-0.7740712761878967
-0.7712912559509277
-0.7687151432037354
-0.7663824558258057
-0.7643289566040039
-0.7625865936279297
-0.7611826062202454
-0.7601394057273865
-0.759473979473114
-0.7591978311538696
-0.759316623210907
-0.7598301768302917
-0.7607323527336121
-0.7620112299919128
-0.7636492252349854
-0.7656232714653015
-0.7679051160812378
-0.770461916923523
-0.7732564210891724
-0.7762477397918701
-0.779391884803772
-0.7826422452926636
-0.7859504818916321
-0.7892671227455139
-0.7925422787666321
-0.7957265973091125
-0.7987715601921082
-0.8016306161880493
-0.8042598366737366
-0.8066182732582092
-0.8086689114570618
-0.810379147529602
-0.8117212653160095
-0.8126728534698486
-0.8132171630859375
-0.8133435845375061
-0.8130475878715515
-0.812330961227417
-0.8112017512321472
-0.8096742630004883
-0.8077688217163086
-0.8055116534233093
-0.8029342889785767
-0.8000733256340027
-0.7969698309898376
-0.793668806552887
-0.7902185320854187
-0.7866698503494263
-0.7830755114555359
-0.7794893383979797
-0.7759653329849243
-0.7725570201873779
-0.7693167924880981
-0.7662946581840515
-0.7635379433631897
-0.7610903382301331
-0.7589913606643677
-0.7572754621505737
-0.7559718489646912
-0.755103588104248
-0.7546877264976501
-0.7547343969345093
-0.755247175693512
-0.7562224268913269
-0.757649838924408
-0.7595120072364807
-0.7617850303649902
-0.7644385099411011
-0.7674362063407898
-0.7707362771034241
-0.7742918729782104
-0.7780520915985107
-0.7819621562957764
-0.7859647870063782
-0.7900005578994751
-0.7940088510513306
-0.7979289889335632
-0.8017008900642395
-0.8052659630775452
-0.8085682392120361
-0.8115547895431519
-0.8141770362854004
-0.8163911700248718
-0.8181590437889099
-0.8194486498832703
-0.8202348351478577
-0.8204996585845947
-0.8202326893806458
-0.8194313049316406
-0.8181009888648987
-0.8162549734115601
-0.8139145970344543
-0.8111086487770081
-0.8078734278678894
-0.804252028465271
-0.8002939224243164
-0.7960543036460876
-0.7915932536125183
-0.7869751453399658
-0.7822674512863159
-0.7775400280952454
-0.7728641033172607
-0.7683110237121582
-0.7639515399932861
-0.7598544359207153
-0.7560856938362122
-0.7527074217796326
-0.7497768402099609
-0.7473454475402832
-0.7454580068588257
-0.7441520094871521
-0.7434569001197815
-0.7433934211730957
-0.7439731955528259
-0.745198667049408
-0.7470625042915344
-0.7495477795600891
-0.7526280879974365
-0.7562674880027771
-0.7604212164878845
-0.7650359869003296
-0.7700506448745728
-0.7753968238830566
-0.7810000777244568
-0.7867804765701294
-0.7926539778709412
-0.7985334992408752
-0.8043299913406372
-0.8099538683891296
-0.8153162598609924
-0.8203302025794983
-0.8249120116233826
-0.8289827108383179
-0.8324691653251648
-0.8353050351142883
-0.8374324440956116
-0.8388024568557739
-0.8393762111663818
-0.83912593126297
-0.8380351066589355
-0.8360994458198547
-0.8333269953727722
-0.8297384977340698
-0.8253670930862427
-0.8202585577964783
-0.8144707679748535
-0.8080729842185974
-0.8011457324028015
-0.7937793135643005
-0.7860732674598694
-0.7781349420547485
-0.7700783014297485
-0.7620224356651306
-0.7540901303291321
-0.7464061975479126
-0.7390956878662109
-0.7322822213172913
-0.7260863780975342
-0.7206235527992249
-0.7160024642944336
-0.7123233675956726
-0.7096763253211975
-0.7081395983695984
-0.7077783346176147
-0.7086430191993713
-0.7107683420181274
-0.7141720652580261
-0.7188543081283569
-0.7247968316078186
-0.731962263584137
-0.7402943968772888
-0.7497175931930542
-0.7601373195648193
-0.7714405059814453
-0.783496081829071
-0.7961559295654297
-0.8092561364173889
-0.8226178884506226
-0.8360494375228882
-0.8493474721908569
-0.8622992038726807
-0.8746841549873352
-0.8862765431404114
-0.8968472480773926
-0.9061663746833801
-0.9140055179595947
-0.9201403260231018
-0.9243526458740234
-0.9264332056045532
-0.9261839389801025
-0.9234199523925781
-0.9179720878601074
-0.9096888303756714
-0.898438036441803
-0.88410884141922
-0.8666131496429443
-0.8458868861198425
-0.8218909502029419
-0.7946123480796814
-0.7640645503997803
-0.7302877306938171
-0.6933489441871643
-0.6533417701721191
-0.610386073589325
-0.5646266937255859
-0.5162328481674194
-0.46539679169654846
-0.4123319983482361
-0.35727164149284363
-0.30046653747558594
-0.24218305945396423
-0.18270064890384674
-0.12230953574180603
-0.06130804494023323
