0.0
0.03067326359450817
0.06130843237042427
0.09186749160289764
0.12231259047985077
0.15260615944862366
0.1827109009027481
0.21259000897407532
0.2422071099281311
0.2715264558792114
0.3005129098892212
0.329132080078125
0.3573504090309143
0.3851351737976074
0.41245463490486145
0.4392780363559723
0.4655756950378418
0.4913191497325897
0.5164810419082642
0.5410352945327759
0.5649571418762207
0.5882232785224915
0.6108116507530212
0.6327017545700073
0.6538745164871216
0.6743124723434448
0.6939995884895325
0.7129215002059937
0.7310653924942017
0.7484201788902283
0.7649762630462646
0.7807258367538452
0.7956626415252686
0.8097821474075317
0.8230814933776855
0.8355594277381897
0.8472162485122681
0.8580541610717773
0.8680766820907593
0.8772891163825989
0.8856981992721558
0.8933123350143433
0.9001412987709045
0.9061964750289917
0.9114904999732971
0.9160376191139221
0.919853150844574
0.9229539632797241
0.9253579378128052
0.9270842671394348
0.9281532764434814
0.9285861849784851
0.9284054636955261
0.9276342988014221
0.9262968301773071
0.9244180917739868
0.9220236539840698
0.9191398620605469
0.9157936573028564
0.9120124578475952
0.9078241586685181
0.903256893157959
0.8983392715454102
0.8930999636650085
0.8875678777694702
0.8817719221115112
0.8757410049438477
0.8695040345191956
0.8630896210670471
0.856526255607605
0.8498420715332031
0.8430649042129517
0.8362221121788025
0.8293405175209045
0.8224465250968933
0.8155657052993774
0.8087230324745178
0.8019428849220276
0.7952486872673035
0.7886630296707153
0.7822076678276062
0.7759034633636475
0.7697701454162598
0.7638265490531921
0.7580904364585876
0.7525784373283386
0.7473061680793762
0.7422879934310913
0.7375372052192688
0.7330657839775085
0.7288846969604492
0.7250034809112549
0.7214307188987732
0.718173623085022
0.715238094329834
0.712628960609436
0.7103498578071594
0.7084030508995056
0.7067897915840149
0.7055100798606873
0.704562783241272
0.7039455771446228
0.7036550641059875
0.7036868333816528
0.7040353417396545
0.7046941518783569
0.7056556344032288
0.7069114446640015
0.7084522247314453
0.7102677822113037
0.7123472690582275
0.7146788239479065
0.7172500491142273
0.7200478911399841
0.7230586409568787
0.7262679934501648
0.7296613454818726
0.7332233786582947
0.7369387149810791
0.7407913208007812
0.7447651028633118
0.748843789100647
0.7530108094215393
0.7572495937347412
0.7615435123443604
0.7658759951591492
0.7702304124832153
0.7745904326438904
0.7789398431777954
0.7832626700401306
0.7875431776046753
0.7917661070823669
0.7959163784980774
0.799979567527771
0.803941547870636
0.8077889084815979
0.8115085363388062
0.8150882124900818
0.8185160756111145
0.8217811584472656
0.8248730897903442
0.8277822732925415
0.8304997682571411
0.8330175280570984
0.8353282809257507
0.8374254703521729
0.8393034934997559
0.8409575819969177
0.8423836827278137
0.8435787558555603
0.8445405960083008
0.8452677130699158
0.8457596898078918
0.8460167646408081
0.8460401296615601
0.8458317518234253
0.845394492149353
0.8447319269180298
0.8438484072685242
0.8427490592002869
0.8414398431777954
0.8399273157119751
0.8382187485694885
0.836322009563446
0.8342456221580505
0.8319987058639526
0.8295909762382507
0.8270325064659119
0.8243339657783508
0.8215063810348511
0.8185611963272095
0.8155102133750916
0.8123654723167419
0.8091393709182739
0.8058443665504456
0.8024932146072388
0.7990987300872803
0.7956737279891968
0.7922312617301941
0.7887841463088989
0.785345196723938
0.781927227973938
0.778542697429657
0.775204062461853
0.7719234228134155
0.7687126398086548
0.7655832171440125
0.7625463604927063
0.7596127986907959
0.7567929029464722
0.754096508026123
0.7515329718589783
0.7491112351417542
0.7468394041061401
0.7447253465652466
0.7427759766578674
0.740997850894928
0.7393967509269714
0.7379778027534485
0.7367453575134277
0.7357032895088196
0.734854519367218
0.7342014312744141
0.7337455749511719
0.7334878444671631
0.733428418636322
0.7335667014122009
0.7339013814926147
0.7344304919242859
0.7351512908935547
0.7360604405403137
0.7371538281440735
0.7384268045425415
0.739874005317688
0.7414894104003906
0.7432665228843689
0.7451981902122498
0.7472767233848572
0.7494940161705017
0.7518413066864014
0.7543095350265503
0.7568892240524292
0.7595704197883606
0.7623428702354431
0.7651960253715515
0.7681190967559814
0.7711010575294495
0.774130642414093
0.77719646692276
0.780286967754364
0.7833907604217529
0.786496102809906
0.7895914912223816
0.7926654815673828
0.795706570148468
0.7987035512924194
0.8016452789306641
0.8045209646224976
0.8073199987411499
0.8100319504737854
0.8126469254493713
0.8151553273200989
0.8175479173660278
0.8198158740997314
0.8219508528709412
0.823945164680481
0.8257913589477539
0.8274827599525452
0.8290131688117981
0.830376923084259
0.8315691351890564
0.8325853943824768
0.8334219455718994
0.8340758085250854
0.8345445990562439
0.8348265290260315
0.8349206447601318
0.8348265290260315
0.8345445990562439
0.8340758085250854
0.8334219455718994
0.8325853943824768
0.8315691351890564
0.830376923084259
0.8290131688117981
0.8274827599525452
0.8257913589477539
0.823945164680481
0.8219508528709412
0.8198158740997314
0.8175479173660278
0.8151553273200989
0.8126469254493713
0.8100319504737854
0.8073199987411499
0.8045209646224976
0.8016452789306641
0.7987035512924194
0.795706570148468
0.7926654815673828
0.7895914912223816
0.786496102809906
0.7833907604217529
0.780286967754364
0.77719646692276
0.774130642414093
0.7711010575294495
0.7681190967559814
0.7651960253715515
0.7623428702354431
0.7595704197883606
0.7568892240524292
0.7543095350265503
0.7518413066864014
0.7494940161705017
0.7472767233848572
0.7451981902122498
0.7432665228843689
0.7414894104003906
0.739874005317688
0.7384268045425415
0.7371538281440735
0.7360604405403137
0.7351512908935547
0.7344304919242859
0.7339013814926147
0.7335667014122009
0.733428418636322
0.7334878444671631
0.7337455749511719
0.7342014312744141
0.734854519367218
0.7357032895088196
0.7367453575134277
0.7379778027534485
0.7393967509269714
0.740997850894928
0.7427759766578674
0.7447253465652466
0.7468394041061401
0.7491112351417542
0.7515329718589783
0.754096508026123
0.7567929029464722
0.7596127986907959
0.7625463604927063
0.7655832171440125
0.7687126398086548
0.7719234228134155
0.775204062461853
0.778542697429657
0.781927227973938
0.785345196723938
0.7887841463088989
0.7922312617301941
0.7956737279891968
0.7990987300872803
0.8024932146072388
0.8058443665504456
0.8091393709182739
0.8123654723167419
0.8155102133750916
0.8185611963272095
0.8215063810348511
0.8243339657783508
0.8270325064659119
0.8295909762382507
0.8319987058639526
0.8342456221580505
0.836322009563446
0.8382187485694885
0.8399273157119751
0.8414398431777954
0.8427490592002869
0.8438484072685242
0.8447319269180298
0.845394492149353
0.8458317518234253
0.8460401296615601
0.8460167646408081
0.8457596898078918
0.8452677130699158
0.8445405960083008
0.8435787558555603
0.8423836827278137
0.8409575819969177
0.8393034934997559
0.8374254703521729
0.8353282809257507
0.8330175280570984
0.8304997682571411
0.8277822732925415
0.8248730897903442
0.8217811584472656
0.8185160756111145
0.8150882124900818
0.8115085363388062
0.8077889084815979
0.803941547870636
0.799979567527771
0.7959163784980774
0.7917661070823669
0.7875431776046753
0.7832626700401306
0.7789398431777954
0.7745904326438904
0.7702304124832153
0.7658759951591492
0.7615435123443604
0.7572495937347412
0.7530108094215393
0.748843789100647
0.7447651028633118
0.7407913208007812
0.7369387149810791
0.7332233786582947
0.7296613454818726
0.7262679934501648
0.7230586409568787
0.7200478911399841
0.7172500491142273
0.7146788239479065
0.7123472690582275
0.7102677822113037
0.7084522247314453
0.7069114446640015
0.7056556344032288
0.7046941518783569
0.7040353417396545
0.7036868333816528
0.7036550641059875
0.7039455771446228
0.704562783241272
0.7055100798606873
0.7067897915840149
0.7084030508995056
0.7103498578071594
0.712628960609436
0.715238094329834
0.718173623085022
0.7214307188987732
0.7250034809112549
0.7288846969604492
0.7330657839775085
0.7375372052192688
0.7422879934310913
0.7473061680793762
0.7525784373283386
0.7580904364585876
0.7638265490531921
0.7697701454162598
0.7759034633636475
0.7822076678276062
0.7886630296707153
0.7952486872673035
0.8019428849220276
0.8087230324745178
0.8155657052993774
0.8224465250968933
0.8293405175209045
0.8362221121788025
0.8430649042129517
0.8498420715332031
0.856526255607605
0.8630896210670471
0.8695040345191956
0.8757410049438477
0.8817719221115112
0.8875678777694702
0.8930999636650085
0.8983392715454102
0.903256893157959
0.9078241586685181
0.9120124578475952
0.9157936573028564
0.9191398620605469
0.9220236539840698
0.9244180917739868
0.9262968301773071
0.9276342988014221
0.9284054636955261
0.9285861849784851
0.9281532764434814
0.9270842671394348
0.9253579378128052
0.9229539632797241
0.919853150844574
0.9160376191139221
0.9114904999732971
0.9061964750289917
0.9001412987709045
0.8933123350143433
0.8856981992721558
0.8772891163825989
0.8680766820907593
0.8580541610717773
0.8472162485122681
0.8355594277381897
0.8230814933776855
0.8097821474075317
0.7956626415252686
0.7807258367538452
0.7649762630462646
0.7484201788902283
0.7310653924942017
0.7129215002059937
0.6939995884895325
0.6743124723434448
0.6538745164871216
0.6327017545700073
0.6108116507530212
0.5882232785224915
0.5649571418762207
0.5410352945327759
0.5164810419082642
0.4913191497325897
0.4655756950378418
0.4392780363559723
0.41245463490486145
0.3851351737976074
0.3573504090309143
0.329132080078125
0.3005129098892212
0.2715264558792114
0.2422071099281311
0.21259000897407532
0.1827109009027481
0.15260615944862366
0.12231259047985077
0.09186749160289764
0.06130843237042427
0.03067326359450817
6.123233998228043E-16
-0.03067326359450817
-0.06130843237042427
-0.09186749160289764
-0.12231259047985077
-0.15260615944862366
-0.1827109009027481
-0.21259000897407532
-0.2422071099281311
-0.2715264558792114
-0.3005129098892212
-0.329132080078125
-0.3573504090309143
-0.3851351737976074
-0.41245463490486145
-0.4392780363559723
-0.4655756950378418
-0.4913191497325897
-0.5164810419082642
-0.5410352945327759
-0.5649571418762207
-0.5882232785224915
-0.6108116507530212
-0.6327017545700073
-0.6538745164871216
-0.6743124723434448
-0.6939995884895325
-0.7129215002059937
-0.7310653924942017
-0.7484201788902283
-0.7649762630462646
-0.7807258367538452
-0.7956626415252686
-0.8097821474075317
-0.8230814933776855
-0.8355594277381897
-0.8472162485122681
-0.8580541610717773
-0.8680766820907593
-0.8772891163825989
-0.8856981992721558
-0.8933123350143433
-0.9001412987709045
-0.9061964750289917
-0.9114904999732971
-0.9160376191139221
-0.919853150844574
-0.9229539632797241
-0.9253579378128052
-0.9270842671394348
-0.9281532764434814
-0.9285861849784851
-0.9284054636955261
-0.9276342988014221
-0.9262968301773071
-0.9244180917739868
-0.9220236539840698
-0.9191398620605469
-0.9157936573028564
-0.9120124578475952
-0.9078241586685181
-0.903256893157959
-0.8983392715454102
-0.8930999636650085
-0.8875678777694702
-0.8817719221115112
-0.8757410049438477
-0.8695040345191956
-0.8630896210670471
-0.856526255607605
-0.8498420715332031
-0.8430649042129517
-0.8362221121788025
-0.8293405175209045
-0.8224465250968933
-0.8155657052993774
-0.8087230324745178
-0.8019428849220276
-0.7952486872673035
-0.7886630296707153
-0.7822076678276062
-0.7759034633636475
-0.7697701454162598
-0.7638265490531921
-0.7580904364585876
-0.7525784373283386
-0.7473061680793762
-0.7422879934310913
-0.7375372052192688
-0.7330657839775085
-0.7288846969604492
-0.7250034809112549
-0.7214307188987732
-0.718173623085022
-0.715238094329834
-0.712628960609436
-0.7103498578071594
-0.7084030508995056
-0.7067897915840149
-0.7055100798606873
-0.704562783241272
-0.7039455771446228
-0.7036550641059875
-0.7036868333816528
-0.7040353417396545
-0.7046941518783569
-0.7056556344032288
-0.7069114446640015
-0.7084522247314453
-0.7102677822113037
-0.7123472690582275
-0.7146788239479065
-0.7172500491142273
-0.7200478911399841
-0.7230586409568787
-0.7262679934501648
-0.7296613454818726
-0.7332233786582947
-0.7369387149810791
-0.7407913208007812
-0.7447651028633118
-0.748843789100647
-0.7530108094215393
-0.7572495937347412
-0.7615435123443604
-0.7658759951591492
-0.7702304124832153
-0.7745904326438904
-0.7789398431777954
-0.7832626700401306
-0.7875431776046753
-0.7917661070823669
-0.7959163784980774
-0.799979567527771
-0.803941547870636
-0.8077889084815979
-0.8115085363388062
-0.8150882124900818
-0.8185160756111145
-0.8217811584472656
-0.8248730897903442
-0.8277822732925415
-0.8304997682571411
-0.8330175280570984
-0.8353282809257507
-0.8374254703521729
-0.8393034934997559
-0.8409575819969177
-0.8423836827278137
-0.8435787558555603
-0.8445405960083008
-0.8452677130699158
-0.8457596898078918
-0.8460167646408081
-0.8460401296615601
-0.8458317518234253
-0.845394492149353
-0.8447319269180298
-0.8438484072685242
-0.8427490592002869
-0.8414398431777954
-0.8399273157119751
-0.8382187485694885
-0.836322009563446
-0.8342456221580505
-0.8319987058639526
-0.8295909762382507
-0.8270325064659119
-0.8243339657783508
-0.8215063810348511
-0.8185611963272095
-0.8155102133750916
-0.8123654723167419
-0.8091393709182739
-0.8058443665504456
-0.8024932146072388
-0.7990987300872803
-0.7956737279891968
-0.7922312617301941
-0.7887841463088989
-0.785345196723938
-0.781927227973938
-0.778542697429657
-0.775204062461853
-0.7719234228134155
-0.7687126398086548
-0.7655832171440125
-0.7625463604927063
-0.7596127986907959
-0.7567929029464722
-0.754096508026123
-0.7515329718589783
-0.7491112351417542
-0.7468394041061401
-0.7447253465652466
-0.7427759766578674
-0.740997850894928
-0.7393967509269714
-0.7379778027534485
-0.7367453575134277
-0.7357032895088196
-0.734854519367218
-0.7342014312744141
-0.7337455749511719
-0.7334878444671631
-0.733428418636322
-0.7335667014122009
-0.7339013814926147
-0.7344304919242859
-0.7351512908935547
-0.7360604405403137
-0.7371538281440735
-0.7384268045425415
-0.739874005317688
-0.7414894104003906
-0.7432665228843689
-0.7451981902122498
-0.7472767233848572
-0.7494940161705017
-0.7518413066864014
-0.7543095350265503
-0.7568892240524292
-0.7595704197883606
-0.7623428702354431
-0.7651960253715515
-0.7681190967559814
-0.7711010575294495
-0.774130642414093
-0.77719646692276
-0.780286967754364
-0.7833907604217529
-0.786496102809906
-0.7895914912223816
-0.7926654815673828
-0.795706570148468
-0.7987035512924194
-0.8016452789306641
-0.8045209646224976
-0.8073199987411499
-0.8100319504737854
-0.8126469254493713
-0.8151553273200989
-0.8175479173660278
-0.8198158740997314
-0.8219508528709412
-0.823945164680481
-0.8257913589477539
-0.8274827599525452
-0.8290131688117981
-0.830376923084259
-0.8315691351890564
-0.8325853943824768
-0.8334219455718994
-0.8340758085250854
-0.8345445990562439
-0.8348265290260315
-0.8349206447601318
-0.8348265290260315
-0.8345445990562439
-0.8340758085250854
-0.8334219455718994
-0.8325853943824768
-0.8315691351890564
-0.830376923084259
-0.8290131688117981
-0.8274827599525452
-0.8257913589477539
-0.823945164680481
-0.8219508528709412
-0.8198158740997314
-0.8175479173660278
-0.8151553273200989
-0.8126469254493713
-0.8100319504737854
-0.8073199987411499
-0.8045209646224976
-0.8016452789306641
-0.7987035512924194
-0.795706570148468
-0.7926654815673828
-0.7895914912223816
-0.786496102809906
-0.7833907604217529
-0.780286967754364
-0.77719646692276
-0.774130642414093
-0.7711010575294495
-0.7681190967559814
-0.7651960253715515
-0.7623428702354431
-0.7595704197883606
-0.7568892240524292
-0.7543095350265503
-0.7518413066864014
-0.7494940161705017
-0.7472767233848572
-0.7451981902122498
-0.7432665228843689
-0.7414894104003906
-0.739874005317688
-0.7384268045425415
-0.7371538281440735
-0.7360604405403137
-0.7351512908935547
-0.7344304919242859
-0.7339013814926147
-0.7335667014122009
-0.733428418636322
-0.7334878444671631
-0.7337455749511719
-0.7342014312744141
-0.734854519367218
-0.7357032895088196
-0.7367453575134277
-0.7379778027534485
-0.7393967509269714
-0.740997850894928
-0.7427759766578674
-0.7447253465652466
-0.7468394041061401
-0.7491112351417542
-0.7515329718589783
-0.754096508026123
-0.7567929029464722
-0.7596127986907959
-0.7625463604927063
-0.7655832171440125
-0.7687126398086548
-0.7719234228134155
-0.775204062461853
-0.778542697429657
-0.781927227973938
-0.785345196723938
-0.7887841463088989
-0.7922312617301941
-0.7956737279891968
-0.7990987300872803
-0.8024932146072388
-0.8058443665504456
-0.8091393709182739
-0.8123654723167419
-0.8155102133750916
-0.8185611963272095
-0.8215063810348511
-0.8243339657783508
-0.8270325064659119
-0.8295909762382507
-0.8319987058639526
-0.8342456221580505
-0.836322009563446
-0.8382187485694885
-0.8399273157119751
-0.8414398431777954
-0.8427490592002869
-0.8438484072685242
-0.8447319269180298
-0.845394492149353
-0.8458317518234253
-0.8460401296615601
-0.8460167646408081
-0.8457596898078918
-0.8452677130699158
-0.8445405960083008
-0.8435787558555603
-0.8423836827278137
-0.8409575819969177
-0.8393034934997559
-0.8374254703521729
-0.8353282809257507
-0.8330175280570984
-0.8304997682571411
-0.8277822732925415
-0.8248730897903442
-0.8217811584472656
-0.8185160756111145
-0.8150882124900818
-0.8115085363388062
-0.8077889084815979
-0.803941547870636
-0.799979567527771
-0.7959163784980774
-0.7917661070823669
-0.7875431776046753
-0.7832626700401306
-0.7789398431777954
-0.7745904326438904
-0.7702304124832153
-0.7658759951591492
-0.7615435123443604
-0.7572495937347412
-0.7530108094215393
-0.748843789100647
-0.7447651028633118
-0.7407913208007812
-0.7369387149810791
-0.7332233786582947
-0.7296613454818726
-0.7262679934501648
-0.7230586409568787
-0.7200478911399841
-0.7172500491142273
-0.7146788239479065
-0.7123472690582275
-0.7102677822113037
-0.7084522247314453
-0.7069114446640015
-0.7056556344032288
-0.7046941518783569
-0.7040353417396545
-0.7036868333816528
-0.7036550641059875
-0.7039455771446228
-0.704562783241272
-0.7055100798606873
-0.7067897915840149
-0.7084030508995056
-0.7103498578071594
-0.712628960609436
-0.715238094329834
-0.718173623085022
-0.7214307188987732
-0.7250034809112549
-0.7288846969604492
-0.7330657839775085
-0.7375372052192688
-0.7422879934310913
-0.7473061680793762
-0.7525784373283386
-0.7580904364585876
-0.7638265490531921
-0.7697701454162598
-0.7759034633636475
-0.7822076678276062
-0.7886630296707153
-0.7952486872673035
-0.8019428849220276
-0.8087230324745178
-0.8155657052993774
-0.8224465250968933
-0.8293405175209045
-0.8362221121788025
-0.8430649042129517
-0.8498420715332031
-0.856526255607605
-0.8630896210670471
-0.8695040345191956
-0.8757410049438477
-0.8817719221115112
-0.8875678777694702
-0.8930999636650085
-0.8983392715454102
-0.903256893157959
-0.9078241586685181
-0.9120124578475952
-0.9157936573028564
-0.9191398620605469
-0.9220236539840698
-0.9244180917739868
-0.9262968301773071
-0.9276342988014221
-0.9284054636955261
-0.9285861849784851
-0.9281532764434814
-0.9270842671394348
-0.9253579378128052
-0.9229539632797241
-0.919853150844574
-0.9160376191139221
-0.9114904999732971
-0.9061964750289917
-0.9001412987709045
-0.8933123350143433
-0.8856981992721558
-0.8772891163825989
-0.8680766820907593
-0.8580541610717773
-0.8472162485122681
-0.8355594277381897
-0.8230814933776855
-0.8097821474075317
-0.7956626415252686
-0.7807258367538452
-0.7649762630462646
-0.7484201788902283
-0.7310653924942017
-0.7129215002059937
-0.6939995884895325
-0.6743124723434448
-0.6538745164871216
-0.6327017545700073
-0.6108116507530212
-0.5882232785224915
-0.5649571418762207
-0.5410352945327759
-0.5164810419082642
-0.4913191497325897
-0.4655756950378418
-0.4392780363559723
-0.41245463490486145
-0.3851351737976074
-0.3573504090309143
-0.329132080078125
-0.3005129098892212
-0.2715264558792114
-0.2422071099281311
-0.21259000897407532
-0.1827109009027481
-0.15260615944862366
-0.12231259047985077
-0.09186749160289764
-0.06130843237042427
-0.03067326359450817
