0.0
0.061299968510866165
0.12224505096673965
0.18248388171195984
0.2416720688343048
0.29947561025619507
0.3555741012096405
0.4096638858318329
0.46146103739738464
0.5107038617134094
0.5571554899215698
0.6006059646606445
0.6408739686012268
0.677808403968811
0.7112895846366882
0.7412299513816833
0.7675744891166687
0.790300726890564
0.8094186186790466
0.8249697089195251
0.8370261788368225
0.8456894755363464
0.8510886430740356
0.8533785343170166
0.8527372479438782
0.849364161491394
0.8434768319129944
0.8353085517883301
0.8251052498817444
0.8131223320960999
0.7996218800544739
0.7848694324493408
0.7691308259963989
0.7526693940162659
0.7357426881790161
0.7186001539230347
0.7014801502227783
0.6846076846122742
0.6681922078132629
0.6524255275726318
0.6374802589416504
0.6235084533691406
0.6106401681900024
0.5989830493927002
0.5886214971542358
0.5796167254447937
0.5720065832138062
0.5658062696456909
0.5610086917877197
0.5575856566429138
0.5554890632629395
0.5546521544456482
0.5549913048744202
0.5564079284667969
0.5587902069091797
0.5620154142379761
0.5659520030021667
0.5704617500305176
0.5754023790359497
0.580629289150238
0.5859983563423157
0.5913676619529724
0.596599817276001
0.6015637516975403
0.6061366200447083
0.610205352306366
0.6136682629585266
0.6164360046386719
0.6184329390525818
0.6195975542068481
0.6198833584785461
0.6192590594291687
0.6177085638046265
0.6152310967445374
0.6118404865264893
0.6075649261474609
0.6024459004402161
0.5965374112129211
0.58990478515625
0.582623302936554
0.5747770071029663
0.5664569139480591
0.5577595829963684
0.5487855672836304
0.5396374464035034
0.5304185748100281
0.5212311148643494
0.5121745467185974
0.5033442378044128
0.4948299527168274
0.4867144823074341
0.47907257080078125
0.47196993231773376
0.46546220779418945
0.45959439873695374
0.4544004201889038
0.4499025344848633
0.44611144065856934
0.44302627444267273
0.4406346380710602
0.4389132857322693
0.4378284513950348
0.4373367130756378
0.4373857080936432
0.43791529536247253
0.4388585090637207
0.44014281034469604
0.44169121980667114
0.4434238374233246
0.4452589452266693
0.4471144676208496
0.44890928268432617
0.4505644738674164
0.4520045518875122
0.4531586468219757
0.45396164059638977
0.4543549418449402
0.454287588596344
0.4537166953086853
0.45260825753211975
0.4509374499320984
0.44868889451026917
0.44585686922073364
0.44244518876075745
0.4384670853614807
0.43394479155540466
0.42890915274620056
0.4233990013599396
0.4174603223800659
0.4111455976963043
0.40451279282569885
0.39762434363365173
0.3905460834503174
0.38334617018699646
0.3760940134525299
0.3688589930534363
0.36170950531959534
0.35471171140670776
0.34792861342430115
0.341418981552124
0.3352365791797638
0.32942911982536316
0.3240377902984619
0.31909653544425964
0.3146315813064575
0.31066110730171204
0.3071950674057007
0.3042350709438324
0.30177435278892517
0.29979822039604187
0.29828402400016785
0.29720190167427063
0.29651516675949097
0.29618099331855774
0.29615116119384766
0.2963729500770569
0.2967899739742279
0.2973431348800659
0.29797160625457764
0.29861387610435486
0.2992086708545685
0.29969608783721924
0.30001839995384216
0.3001210391521454
0.29995352029800415
0.29947012662887573
0.2986307442188263
0.2974013090133667
0.29575446248054504
0.29366981983184814
0.29113438725471497
0.2881426215171814
0.2846965193748474
0.28080543875694275
0.27648603916168213
0.27176183462142944
0.2666628658771515
0.2612250745296478
0.2554897367954254
0.2495027333498001
0.24331381916999817
0.23697569966316223
0.23054321110248566
0.2240724265575409
0.21761968731880188
0.2112407386302948
0.20498976111412048
0.19891853630542755
0.19307562708854675
0.1875055581331253
0.18224814534187317
0.17733784019947052
0.17280325293540955
0.16866667568683624
0.16494370996952057
0.1616431474685669
0.15876677632331848
0.15630939602851868
0.15425898134708405
0.1525968611240387
0.15129807591438293
0.15033183991909027
0.14966198801994324
0.1492476761341095
0.14904403686523438
0.14900292456150055
0.14907371997833252
0.14920413494110107
0.1493411511182785
0.14943180978298187
0.14942413568496704
0.14926794171333313
0.14891566336154938
0.14832311868667603
0.14745023846626282
0.14626167714595795
0.1447274088859558
0.14282317459583282
0.14053085446357727
0.13783881068229675
0.13474194705486298
0.13124190270900726
0.12734688818454742
0.12307161837816238
0.11843700706958771
0.11346983909606934
0.10820227861404419
0.10267137736082077
0.09691842645406723
0.09098827093839645
0.08492859452962875
0.07878908514976501
0.07262067496776581
0.06647465378046036
0.060401856899261475
0.0544518306851387
0.048672012984752655
0.04310696944594383
0.03779766336083412
0.03278078883886337
0.028088180348277092
0.023746293038129807
0.01977577991783619
0.016191158443689346
0.013000575825572014
0.010205690748989582
0.007801644038408995
0.00577714666724205
0.004114671144634485
0.002790741855278611
0.0017763236537575722
0.0010373009135946631
5.350394640117884E-4
2.2702108253724873E-4
6.754220521543175E-5
8.463592166663148E-6
0.0
-8.463592166663148E-6
-6.754220521543175E-5
-2.2702108253724873E-4
-5.350394640117884E-4
-0.0010373009135946631
-0.0017763236537575722
-0.002790741855278611
-0.004114671144634485
-0.00577714666724205
-0.007801644038408995
-0.010205690748989582
-0.013000575825572014
-0.016191158443689346
-0.01977577991783619
-0.023746293038129807
-0.028088180348277092
-0.03278078883886337
-0.03779766336083412
-0.04310696944594383
-0.048672012984752655
-0.0544518306851387
-0.060401856899261475
-0.06647465378046036
-0.07262067496776581
-0.07878908514976501
-0.08492859452962875
-0.09098827093839645
-0.09691842645406723
-0.10267137736082077
-0.10820227861404419
-0.11346983909606934
-0.11843700706958771
-0.12307161837816238
-0.12734688818454742
-0.13124190270900726
-0.13474194705486298
-0.13783881068229675
-0.14053085446357727
-0.14282317459583282
-0.1447274088859558
-0.14626167714595795
-0.14745023846626282
-0.14832311868667603
-0.14891566336154938
-0.14926794171333313
-0.14942413568496704
-0.14943180978298187
-0.1493411511182785
-0.14920413494110107
-0.14907371997833252
-0.14900292456150055
-0.14904403686523438
-0.1492476761341095
-0.14966198801994324
-0.15033183991909027
-0.15129807591438293
-0.1525968611240387
-0.15425898134708405
-0.15630939602851868
-0.15876677632331848
-0.1616431474685669
-0.16494370996952057
-0.16866667568683624
-0.17280325293540955
-0.17733784019947052
-0.18224814534187317
-0.1875055581331253
-0.19307562708854675
-0.19891853630542755
-0.20498976111412048
-0.2112407386302948
-0.21761968731880188
-0.2240724265575409
-0.23054321110248566
-0.23697569966316223
-0.24331381916999817
-0.2495027333498001
-0.2554897367954254
-0.2612250745296478
-0.2666628658771515
-0.27176183462142944
-0.27648603916168213
-0.28080543875694275
-0.2846965193748474
-0.2881426215171814
-0.29113438725471497
-0.29366981983184814
-0.29575446248054504
-0.2974013090133667
-0.2986307442188263
-0.29947012662887573
-0.29995352029800415
-0.3001210391521454
-0.30001839995384216
-0.29969608783721924
-0.2992086708545685
-0.29861387610435486
-0.29797160625457764
-0.2973431348800659
-0.2967899739742279
-0.2963729500770569
-0.29615116119384766
-0.29618099331855774
-0.29651516675949097
-0.29720190167427063
-0.29828402400016785
-0.29979822039604187
-0.30177435278892517
-0.3042350709438324
-0.3071950674057007
-0.31066110730171204
-0.3146315813064575
-0.31909653544425964
-0.3240377902984619
-0.32942911982536316
-0.3352365791797638
-0.341418981552124
-0.34792861342430115
-0.35471171140670776
-0.36170950531959534
-0.3688589930534363
-0.3760940134525299
-0.38334617018699646
-0.3905460834503174
-0.39762434363365173
-0.40451279282569885
-0.4111455976963043
-0.4174603223800659
-0.4233990013599396
-0.42890915274620056
-0.43394479155540466
-0.4384670853614807
-0.44244518876075745
-0.44585686922073364
-0.44868889451026917
-0.4509374499320984
-0.45260825753211975
-0.4537166953086853
-0.454287588596344
-0.4543549418449402
-0.45396164059638977
-0.4531586468219757
-0.4520045518875122
-0.4505644738674164
-0.44890928268432617
-0.4471144676208496
-0.4452589452266693
-0.4434238374233246
-0.44169121980667114
-0.44014281034469604
-0.4388585090637207
-0.43791529536247253
-0.4373857080936432
-0.4373367130756378
-0.4378284513950348
-0.4389132857322693
-0.4406346380710602
-0.44302627444267273
-0.44611144065856934
-0.4499025344848633
-0.4544004201889038
-0.45959439873695374
-0.46546220779418945
-0.47196993231773376
-0.47907257080078125
-0.4867144823074341
-0.4948299527168274
-0.5033442378044128
-0.5121745467185974
-0.5212311148643494
-0.5304185748100281
-0.5396374464035034
-0.5487855672836304
-0.5577595829963684
-0.5664569139480591
-0.5747770071029663
-0.582623302936554
-0.58990478515625
-0.5965374112129211
-0.6024459004402161
-0.6075649261474609
-0.6118404865264893
-0.6152310967445374
-0.6177085638046265
-0.6192590594291687
-0.6198833584785461
-0.6195975542068481
-0.6184329390525818
-0.6164360046386719
-0.6136682629585266
-0.610205352306366
-0.6061366200447083
-0.6015637516975403
-0.596599817276001
-0.5913676619529724
-0.5859983563423157
-0.580629289150238
-0.5754023790359497
-0.5704617500305176
-0.5659520030021667
-0.5620154142379761
-0.5587902069091797
-0.5564079284667969
-0.5549913048744202
-0.5546521544456482
-0.5554890632629395
-0.5575856566429138
-0.5610086917877197
-0.5658062696456909
-0.5720065832138062
-0.5796167254447937
-0.5886214971542358
-0.5989830493927002
-0.6106401681900024
-0.6235084533691406
-0.6374802589416504
-0.6524255275726318
-0.6681922078132629
-0.6846076846122742
-0.7014801502227783
-0.7186001539230347
-0.7357426881790161
-0.7526693940162659
-0.7691308259963989
-0.7848694324493408
-0.7996218800544739
-0.8131223320960999
-0.8251052498817444
-0.8353085517883301
-0.8434768319129944
-0.849364161491394
-0.8527372479438782
-0.8533785343170166
-0.8510886430740356
-0.8456894755363464
-0.8370261788368225
-0.8249697089195251
-0.8094186186790466
-0.790300726890564
-0.7675744891166687
-0.7412299513816833
-0.7112895846366882
-0.677808403968811
-0.6408739686012268
-0.6006059646606445
-0.5571554899215698
-0.5107038617134094
-0.46146103739738464
-0.4096638858318329
-0.3555741012096405
-0.29947561025619507
-0.2416720688343048
-0.18248388171195984
-0.12224505096673965
-0.061299968510866165
-1.2246467996456087E-15
0.061299968510866165
0.12224505096673965
0.18248388171195984
0.2416720688343048
0.29947561025619507
0.3555741012096405
0.4096638858318329
0.46146103739738464
0.5107038617134094
0.5571554899215698
0.6006059646606445
0.6408739686012268
0.677808403968811
0.7112895846366882
0.7412299513816833
0.7675744891166687
0.790300726890564
0.8094186186790466
0.8249697089195251
0.8370261788368225
0.8456894755363464
0.8510886430740356
0.8533785343170166
0.8527372479438782
0.849364161491394
0.8434768319129944
0.8353085517883301
0.8251052498817444
0.8131223320960999
0.7996218800544739
0.7848694324493408
0.7691308259963989
0.7526693940162659
0.7357426881790161
0.7186001539230347
0.7014801502227783
0.6846076846122742
0.6681922078132629
0.6524255275726318
0.6374802589416504
0.6235084533691406
0.6106401681900024
0.5989830493927002
0.5886214971542358
0.5796167254447937
0.5720065832138062
0.5658062696456909
0.5610086917877197
0.5575856566429138
0.5554890632629395
0.5546521544456482
0.5549913048744202
0.5564079284667969
0.5587902069091797
0.5620154142379761
0.5659520030021667
0.5704617500305176
0.5754023790359497
0.580629289150238
0.5859983563423157
0.5913676619529724
0.596599817276001
0.6015637516975403
0.6061366200447083
0.610205352306366
0.6136682629585266
0.6164360046386719
0.6184329390525818
0.6195975542068481
0.6198833584785461
0.6192590594291687
0.6177085638046265
0.6152310967445374
0.6118404865264893
0.6075649261474609
0.6024459004402161
0.5965374112129211
0.58990478515625
0.582623302936554
0.5747770071029663
0.5664569139480591
0.5577595829963684
0.5487855672836304
0.5396374464035034
0.5304185748100281
0.5212311148643494
0.5121745467185974
0.5033442378044128
0.4948299527168274
0.4867144823074341
0.47907257080078125
0.47196993231773376
0.46546220779418945
0.45959439873695374
0.4544004201889038
0.4499025344848633
0.44611144065856934
0.44302627444267273
0.4406346380710602
0.4389132857322693
0.4378284513950348
0.4373367130756378
0.4373857080936432
0.43791529536247253
0.4388585090637207
0.44014281034469604
0.44169121980667114
0.4434238374233246
0.4452589452266693
0.4471144676208496
0.44890928268432617
0.4505644738674164
0.4520045518875122
0.4531586468219757
0.45396164059638977
0.4543549418449402
0.454287588596344
0.4537166953086853
0.45260825753211975
0.4509374499320984
0.44868889451026917
0.44585686922073364
0.44244518876075745
0.4384670853614807
0.43394479155540466
0.42890915274620056
0.4233990013599396
0.4174603223800659
0.4111455976963043
0.40451279282569885
0.39762434363365173
0.3905460834503174
0.38334617018699646
0.3760940134525299
0.3688589930534363
0.36170950531959534
0.35471171140670776
0.34792861342430115
0.341418981552124
0.3352365791797638
0.32942911982536316
0.3240377902984619
0.31909653544425964
0.3146315813064575
0.31066110730171204
0.3071950674057007
0.3042350709438324
0.30177435278892517
0.29979822039604187
0.29828402400016785
0.29720190167427063
0.29651516675949097
0.29618099331855774
0.29615116119384766
0.2963729500770569
0.2967899739742279
0.2973431348800659
0.29797160625457764
0.29861387610435486
0.2992086708545685
0.29969608783721924
0.30001839995384216
0.3001210391521454
0.29995352029800415
0.29947012662887573
0.2986307442188263
0.2974013090133667
0.29575446248054504
0.29366981983184814
0.29113438725471497
0.2881426215171814
0.2846965193748474
0.28080543875694275
0.27648603916168213
0.27176183462142944
0.2666628658771515
0.2612250745296478
0.2554897367954254
0.2495027333498001
0.24331381916999817
0.23697569966316223
0.23054321110248566
0.2240724265575409
0.21761968731880188
0.2112407386302948
0.20498976111412048
0.19891853630542755
0.19307562708854675
0.1875055581331253
0.18224814534187317
0.17733784019947052
0.17280325293540955
0.16866667568683624
0.16494370996952057
0.1616431474685669
0.15876677632331848
0.15630939602851868
0.15425898134708405
0.1525968611240387
0.15129807591438293
0.15033183991909027
0.14966198801994324
0.1492476761341095
0.14904403686523438
0.14900292456150055
0.14907371997833252
0.14920413494110107
0.1493411511182785
0.14943180978298187
0.14942413568496704
0.14926794171333313
0.14891566336154938
0.14832311868667603
0.14745023846626282
0.14626167714595795
0.1447274088859558
0.14282317459583282
0.14053085446357727
0.13783881068229675
0.13474194705486298
0.13124190270900726
0.12734688818454742
0.12307161837816238
0.11843700706958771
0.11346983909606934
0.10820227861404419
0.10267137736082077
0.09691842645406723
0.09098827093839645
0.08492859452962875
0.07878908514976501
0.07262067496776581
0.06647465378046036
0.060401856899261475
0.0544518306851387
0.048672012984752655
0.04310696944594383
0.03779766336083412
0.03278078883886337
0.028088180348277092
0.023746293038129807
0.01977577991783619
0.016191158443689346
0.013000575825572014
0.010205690748989582
0.007801644038408995
0.00577714666724205
0.004114671144634485
0.002790741855278611
0.0017763236537575722
0.0010373009135946631
5.350394640117884E-4
2.2702108253724873E-4
6.754220521543175E-5
8.463592166663148E-6
-5.639228387208401E-17
-8.463592166663148E-6
-6.754220521543175E-5
-2.2702108253724873E-4
-5.350394640117884E-4
-0.0010373009135946631
-0.0017763236537575722
-0.002790741855278611
-0.004114671144634485
-0.00577714666724205
-0.007801644038408995
-0.010205690748989582
-0.013000575825572014
-0.016191158443689346
-0.01977577991783619
-0.023746293038129807
-0.028088180348277092
-0.03278078883886337
-0.03779766336083412
-0.04310696944594383
-0.048672012984752655
-0.0544518306851387
-0.060401856899261475
-0.06647465378046036
-0.07262067496776581
-0.07878908514976501
-0.08492859452962875
-0.09098827093839645
-0.09691842645406723
-0.10267137736082077
-0.10820227861404419
-0.11346983909606934
-0.11843700706958771
-0.12307161837816238
-0.12734688818454742
-0.13124190270900726
-0.13474194705486298
-0.13783881068229675
-0.14053085446357727
-0.14282317459583282
-0.1447274088859558
-0.14626167714595795
-0.14745023846626282
-0.14832311868667603
-0.14891566336154938
-0.14926794171333313
-0.14942413568496704
-0.14943180978298187
-0.1493411511182785
-0.14920413494110107
-0.14907371997833252
-0.14900292456150055
-0.14904403686523438
-0.1492476761341095
-0.14966198801994324
-0.15033183991909027
-0.15129807591438293
-0.1525968611240387
-0.15425898134708405
-0.15630939602851868
-0.15876677632331848
-0.1616431474685669
-0.16494370996952057
-0.16866667568683624
-0.17280325293540955
-0.17733784019947052
-0.18224814534187317
-0.1875055581331253
-0.19307562708854675
-0.19891853630542755
-0.20498976111412048
-0.2112407386302948
-0.21761968731880188
-0.2240724265575409
-0.23054321110248566
-0.23697569966316223
-0.24331381916999817
-0.2495027333498001
-0.2554897367954254
-0.2612250745296478
-0.2666628658771515
-0.27176183462142944
-0.27648603916168213
-0.28080543875694275
-0.2846965193748474
-0.2881426215171814
-0.29113438725471497
-0.29366981983184814
-0.29575446248054504
-0.2974013090133667
-0.2986307442188263
-0.29947012662887573
-0.29995352029800415
-0.3001210391521454
-0.30001839995384216
-0.29969608783721924
-0.2992086708545685
-0.29861387610435486
-0.29797160625457764
-0.2973431348800659
-0.2967899739742279
-0.2963729500770569
-0.29615116119384766
-0.29618099331855774
-0.29651516675949097
-0.29720190167427063
-0.29828402400016785
-0.29979822039604187
-0.30177435278892517
-0.3042350709438324
-0.3071950674057007
-0.31066110730171204
-0.3146315813064575
-0.31909653544425964
-0.3240377902984619
-0.32942911982536316
-0.3352365791797638
-0.341418981552124
-0.34792861342430115
-0.35471171140670776
-0.36170950531959534
-0.3688589930534363
-0.3760940134525299
-0.38334617018699646
-0.3905460834503174
-0.39762434363365173
-0.40451279282569885
-0.4111455976963043
-0.4174603223800659
-0.4233990013599396
-0.42890915274620056
-0.43394479155540466
-0.4384670853614807
-0.44244518876075745
-0.44585686922073364
-0.44868889451026917
-0.4509374499320984
-0.45260825753211975
-0.4537166953086853
-0.454287588596344
-0.4543549418449402
-0.45396164059638977
-0.4531586468219757
-0.4520045518875122
-0.4505644738674164
-0.44890928268432617
-0.4471144676208496
-0.4452589452266693
-0.4434238374233246
-0.44169121980667114
-0.44014281034469604
-0.4388585090637207
-0.43791529536247253
-0.4373857080936432
-0.4373367130756378
-0.4378284513950348
-0.4389132857322693
-0.4406346380710602
-0.44302627444267273
-0.44611144065856934
-0.4499025344848633
-0.4544004201889038
-0.45959439873695374
-0.46546220779418945
-0.47196993231773376
-0.47907257080078125
-0.4867144823074341
-0.4948299527168274
-0.5033442378044128
-0.5121745467185974
-0.5212311148643494
-0.5304185748100281
-0.5396374464035034
-0.5487855672836304
-0.5577595829963684
-0.5664569139480591
-0.5747770071029663
-0.582623302936554
-0.58990478515625
-0.5965374112129211
-0.6024459004402161
-0.6075649261474609
-0.6118404865264893
-0.6152310967445374
-0.6177085638046265
-0.6192590594291687
-0.6198833584785461
-0.6195975542068481
-0.6184329390525818
-0.6164360046386719
-0.6136682629585266
-0.610205352306366
-0.6061366200447083
-0.6015637516975403
-0.596599817276001
-0.5913676619529724
-0.5859983563423157
-0.580629289150238
-0.5754023790359497
-0.5704617500305176
-0.5659520030021667
-0.5620154142379761
-0.5587902069091797
-0.5564079284667969
-0.5549913048744202
-0.5546521544456482
-0.5554890632629395
-0.5575856566429138
-0.5610086917877197
-0.5658062696456909
-0.5720065832138062
-0.5796167254447937
-0.5886214971542358
-0.5989830493927002
-0.6106401681900024
-0.6235084533691406
-0.6374802589416504
-0.6524255275726318
-0.6681922078132629
-0.6846076846122742
-0.7014801502227783
-0.7186001539230347
-0.7357426881790161
-0.7526693940162659
-0.7691308259963989
-0.7848694324493408
-0.7996218800544739
-0.8131223320960999
-0.8251052498817444
-0.8353085517883301
-0.8434768319129944
-0.849364161491394
-0.8527372479438782
-0.8533785343170166
-0.8510886430740356
-0.8456894755363464
-0.8370261788368225
-0.8249697089195251
-0.8094186186790466
-0.790300726890564
-0.7675744891166687
-0.7412299513816833
-0.7112895846366882
-0.677808403968811
-0.6408739686012268
-0.6006059646606445
-0.5571554899215698
-0.5107038617134094
-0.46146103739738464
-0.4096638858318329
-0.3555741012096405
-0.29947561025619507
-0.2416720688343048
-0.18248388171195984
-0.12224505096673965
-0.061299968510866165
