0.0
0.7816141247749329
0.7832543253898621
0.7770163416862488
0.7712606191635132
0.7692509293556213
0.7680933475494385
0.7646970152854919
0.7601686716079712
0.7570566534996033
0.7551302313804626
0.7523259520530701
0.7483685612678528
0.7449018359184265
0.7425116300582886
0.7399227023124695
0.7363602519035339
0.7327723503112793
0.7300382852554321
0.7275010347366333
0.7242399454116821
0.7206540703773499
0.7176571488380432
0.7150755524635315
0.7120406031608582
0.708532452583313
0.705345094203949
0.7026602029800415
0.6997805237770081
0.6963942646980286
0.6930862069129944
0.6902672052383423
0.68747478723526
0.6842289566993713
0.6808655858039856
0.6779052019119263
0.6751381754875183
0.6720296144485474
0.668668270111084
0.665579080581665
0.662785530090332
0.6597937941551208
0.6564798951148987
0.6532890200614929
0.6504308581352234
0.6475232243537903
0.6442872881889343
0.6410313248634338
0.6380860805511475
0.6352236270904541
0.6320798397064209
0.6287987232208252
0.6257600784301758
0.6229034066200256
0.6198505163192749
0.6165817975997925
0.6134581565856934
0.6105726957321167
0.6075959801673889
0.6043702363967896
0.6011815667152405
0.5982416272163391
0.5953169465065002
0.5921542644500732
0.5889279246330261
0.5859193205833435
0.5830173492431641
0.5799258351325989
0.5766916871070862
0.5736124515533447
0.5707038640975952
0.5676796436309814
0.5644655227661133
0.5613248348236084
0.558384358882904
0.555413544178009
0.5522412657737732
0.5490570068359375
0.54606693983078
0.5431286096572876
0.5400112271308899
0.5368064641952515
0.5337585806846619
0.5308285355567932
0.5277693271636963
0.5245682597160339
0.5214642286300659
0.5185191631317139
0.5155118703842163
0.512336015701294
0.5091863870620728
0.506207287311554
0.503237783908844
0.5001029372215271
0.49692463874816895
0.49389949440956116
0.4909486770629883
0.48786288499832153
0.48467621207237244
0.4816012680530548
0.47864845395088196
0.47561115026474
0.4724363386631012
0.46931615471839905
0.4663424789905548
0.46334534883499146
0.4601992964744568
0.4570454955101013
0.4540366530418396
0.45106539130210876
0.44795921444892883
0.4447881281375885
0.44173648953437805
0.4387734830379486
0.43571117520332336
0.4325409233570099
0.4294462502002716
0.42647358775138855
0.42345166206359863
0.4202992618083954
0.41716840863227844
0.4141707420349121
0.4111793637275696
0.40805792808532715
0.4049032926559448
0.4018701910972595
0.3988950252532959
0.3958118259906769
0.3926490843296051
0.3895765244960785
0.3866012692451477
0.3835570216178894
0.3804023861885071
0.37729302048683167
0.3743021488189697
0.3712911009788513
0.3681586980819702
0.36502110958099365
0.3620024621486664
0.3590135872364044
0.3559132218360901
0.35276031494140625
0.3497067987918854
0.3467259109020233
0.34366169571876526
0.3405083119869232
0.33741894364356995
0.33443111181259155
0.33140096068382263
0.32826146483421326
0.32514122128486633
0.32213327288627625
0.3191295862197876
0.31601545214653015
0.3128742575645447
0.30983683466911316
0.30684781074523926
0.3037659525871277
0.3006168305873871
0.297545850276947
0.29455772042274475
0.29150933027267456
0.2883662283420563
0.2852632701396942
0.2822625935077667
0.2792433202266693
0.2761186957359314
0.2729906439781189
0.2699664533138275
0.26696720719337463
0.2638700604438782
0.26072782278060913
0.2576734125614166
0.2546820342540741
0.251616507768631
0.24847300350666046
0.24538692831993103
0.24239027500152588
0.23935510218143463
0.23622310161590576
0.2331092655658722
0.23009541630744934
0.22708427906036377
0.2239743322134018
0.2208411544561386
0.21780139207839966
0.21480412781238556
0.21172282099723816
0.20858177542686462
0.2055119127035141
0.20251624286174774
0.19946518540382385
0.19632883369922638
0.1932298243045807
0.19022347033023834
0.187199205160141
0.18407900631427765
0.18095672130584717
0.17792944610118866
0.17492403090000153
0.17182855308055878
0.16869260370731354
0.16563791036605835
0.16264039278030396
0.15957386791706085
0.1564360409975052
0.15335214138031006
0.1503504514694214
0.14731214940547943
0.14418433606624603
0.14107437431812286
0.13805732131004333
0.13504178822040558
0.1319340020418167
0.1288054883480072
0.1257646381855011
0.12276267260313034
0.11968141049146652
0.11654489487409592
0.11347593367099762
0.11047612130641937
0.1074233278632164
0.10429055988788605
0.10119398683309555
0.09818471968173981
0.09515750408172607
0.09203947335481644
0.08892043679952621
0.08589180558919907
0.08288299292325974
0.07978808879852295
0.07665549218654633
0.07360097020864487
0.07060032337903976
0.06753294914960861
0.0643979087471962
0.06131540238857269
0.05831138789653778
0.05527126044034958
0.05214523524045944
0.0490373894572258
0.046019114553928375
0.043001335114240646
0.039894189685583115
0.03676793724298477
0.03372699022293091
0.03072289191186428
0.027641234919428825
0.02450660429894924
0.021438447758555412
0.01843707635998726
0.015383176505565643
0.012251580134034157
0.009156309999525547
0.006146278697997332
0.0031176856718957424
-1.3793287800996368E-15
-0.0031176856718957424
-0.006146278697997332
-0.009156309999525547
-0.012251580134034157
-0.015383176505565643
-0.01843707635998726
-0.021438447758555412
-0.02450660429894924
-0.027641234919428825
-0.03072289191186428
-0.03372699022293091
-0.03676793724298477
-0.039894189685583115
-0.043001335114240646
-0.046019114553928375
-0.0490373894572258
-0.05214523524045944
-0.05527126044034958
-0.05831138789653778
-0.06131540238857269
-0.0643979087471962
-0.06753294914960861
-0.07060032337903976
-0.07360097020864487
-0.07665549218654633
-0.07978808879852295
-0.08288299292325974
-0.08589180558919907
-0.08892043679952621
-0.09203947335481644
-0.09515750408172607
-0.09818471968173981
-0.10119398683309555
-0.10429055988788605
-0.1074233278632164
-0.11047612130641937
-0.11347593367099762
-0.11654489487409592
-0.11968141049146652
-0.12276267260313034
-0.1257646381855011
-0.1288054883480072
-0.1319340020418167
-0.13504178822040558
-0.13805732131004333
-0.14107437431812286
-0.14418433606624603
-0.14731214940547943
-0.1503504514694214
-0.15335214138031006
-0.1564360409975052
-0.15957386791706085
-0.16264039278030396
-0.16563791036605835
-0.16869260370731354
-0.17182855308055878
-0.17492403090000153
-0.17792944610118866
-0.18095672130584717
-0.18407900631427765
-0.187199205160141
-0.19022347033023834
-0.1932298243045807
-0.19632883369922638
-0.19946518540382385
-0.20251624286174774
-0.2055119127035141
-0.20858177542686462
-0.21172282099723816
-0.21480412781238556
-0.21780139207839966
-0.2208411544561386
-0.2239743322134018
-0.22708427906036377
-0.23009541630744934
-0.2331092655658722
-0.23622310161590576
-0.23935510218143463
-0.24239027500152588
-0.24538692831993103
-0.24847300350666046
-0.251616507768631
-0.2546820342540741
-0.2576734125614166
-0.26072782278060913
-0.2638700604438782
-0.26696720719337463
-0.2699664533138275
-0.2729906439781189
-0.2761186957359314
-0.2792433202266693
-0.2822625935077667
-0.2852632701396942
-0.2883662283420563
-0.29150933027267456
-0.29455772042274475
-0.297545850276947
-0.3006168305873871
-0.3037659525871277
-0.30684781074523926
-0.30983683466911316
-0.3128742575645447
-0.31601545214653015
-0.3191295862197876
-0.32213327288627625
-0.32514122128486633
-0.32826146483421326
-0.33140096068382263
-0.33443111181259155
-0.33741894364356995
-0.3405083119869232
-0.34366169571876526
-0.3467259109020233
-0.3497067987918854
-0.35276031494140625
-0.3559132218360901
-0.3590135872364044
-0.3620024621486664
-0.36502110958099365
-0.3681586980819702
-0.3712911009788513
-0.3743021488189697
-0.37729302048683167
-0.3804023861885071
-0.3835570216178894
-0.3866012692451477
-0.3895765244960785
-0.3926490843296051
-0.3958118259906769
-0.3988950252532959
-0.4018701910972595
-0.4049032926559448
-0.40805792808532715
-0.4111793637275696
-0.4141707420349121
-0.41716840863227844
-0.4202992618083954
-0.42345166206359863
-0.42647358775138855
-0.4294462502002716
-0.4325409233570099
-0.43571117520332336
-0.4387734830379486
-0.44173648953437805
-0.4447881281375885
-0.44795921444892883
-0.45106539130210876
-0.4540366530418396
-0.4570454955101013
-0.4601992964744568
-0.46334534883499146
-0.4663424789905548
-0.46931615471839905
-0.4724363386631012
-0.47561115026474
-0.47864845395088196
-0.4816012680530548
-0.48467621207237244
-0.48786288499832153
-0.4909486770629883
-0.49389949440956116
-0.49692463874816895
-0.5001029372215271
-0.503237783908844
-0.506207287311554
-0.5091863870620728
-0.512336015701294
-0.5155118703842163
-0.5185191631317139
-0.5214642286300659
-0.5245682597160339
-0.5277693271636963
-0.5308285355567932
-0.5337585806846619
-0.5368064641952515
-0.5400112271308899
-0.5431286096572876
-0.54606693983078
-0.5490570068359375
-0.5522412657737732
-0.555413544178009
-0.558384358882904
-0.5613248348236084
-0.5644655227661133
-0.5676796436309814
-0.5707038640975952
-0.5736124515533447
-0.5766916871070862
-0.5799258351325989
-0.5830173492431641
-0.5859193205833435
-0.5889279246330261
-0.5921542644500732
-0.5953169465065002
-0.5982416272163391
-0.6011815667152405
-0.6043702363967896
-0.6075959801673889
-0.6105726957321167
-0.6134581565856934
-0.6165817975997925
-0.6198505163192749
-0.6229034066200256
-0.6257600784301758
-0.6287987232208252
-0.6320798397064209
-0.6352236270904541
-0.6380860805511475
-0.6410313248634338
-0.6442872881889343
-0.6475232243537903
-0.6504308581352234
-0.6532890200614929
-0.6564798951148987
-0.6597937941551208
-0.662785530090332
-0.665579080581665
-0.668668270111084
-0.6720296144485474
-0.6751381754875183
-0.6779052019119263
-0.6808655858039856
-0.6842289566993713
-0.68747478723526
-0.6902672052383423
-0.6930862069129944
-0.6963942646980286
-0.6997805237770081
-0.7026602029800415
-0.705345094203949
-0.708532452583313
-0.7120406031608582
-0.7150755524635315
-0.7176571488380432
-0.7206540703773499
-0.7242399454116821
-0.7275010347366333
-0.7300382852554321
-0.7327723503112793
-0.7363602519035339
-0.7399227023124695
-0.7425116300582886
-0.7449018359184265
-0.7483685612678528
-0.7523259520530701
-0.7551302313804626
-0.7570566534996033
-0.7601686716079712
-0.7646970152854919
-0.7680933475494385
-0.7692509293556213
-0.7712606191635132
-0.7770163416862488
-0.7832543253898621
-0.7816141247749329
-6.177059731771184E-13
0.7816141247749329
0.7832543253898621
0.7770163416862488
0.7712606191635132
0.7692509293556213
0.7680933475494385
0.7646970152854919
0.7601686716079712
0.7570566534996033
0.7551302313804626
0.7523259520530701
0.7483685612678528
0.7449018359184265
0.7425116300582886
0.7399227023124695
0.7363602519035339
0.7327723503112793
0.7300382852554321
0.7275010347366333
0.7242399454116821
0.7206540703773499
0.7176571488380432
0.7150755524635315
0.7120406031608582
0.708532452583313
0.705345094203949
0.7026602029800415
0.6997805237770081
0.6963942646980286
0.6930862069129944
0.6902672052383423
0.68747478723526
0.6842289566993713
0.6808655858039856
0.6779052019119263
0.6751381754875183
0.6720296144485474
0.668668270111084
0.665579080581665
0.662785530090332
0.6597937941551208
0.6564798951148987
0.6532890200614929
0.6504308581352234
0.6475232243537903
0.6442872881889343
0.6410313248634338
0.6380860805511475
0.6352236270904541
0.6320798397064209
0.6287987232208252
0.6257600784301758
0.6229034066200256
0.6198505163192749
0.6165817975997925
0.6134581565856934
0.6105726957321167
0.6075959801673889
0.6043702363967896
0.6011815667152405
0.5982416272163391
0.5953169465065002
0.5921542644500732
0.5889279246330261
0.5859193205833435
0.5830173492431641
0.5799258351325989
0.5766916871070862
0.5736124515533447
0.5707038640975952
0.5676796436309814
0.5644655227661133
0.5613248348236084
0.558384358882904
0.555413544178009
0.5522412657737732
0.5490570068359375
0.54606693983078
0.5431286096572876
0.5400112271308899
0.5368064641952515
0.5337585806846619
0.5308285355567932
0.5277693271636963
0.5245682597160339
0.5214642286300659
0.5185191631317139
0.5155118703842163
0.512336015701294
0.5091863870620728
0.506207287311554
0.503237783908844
0.5001029372215271
0.49692463874816895
0.49389949440956116
0.4909486770629883
0.48786288499832153
0.48467621207237244
0.4816012680530548
0.47864845395088196
0.47561115026474
0.4724363386631012
0.46931615471839905
0.4663424789905548
0.46334534883499146
0.4601992964744568
0.4570454955101013
0.4540366530418396
0.45106539130210876
0.44795921444892883
0.4447881281375885
0.44173648953437805
0.4387734830379486
0.43571117520332336
0.4325409233570099
0.4294462502002716
0.42647358775138855
0.42345166206359863
0.4202992618083954
0.41716840863227844
0.4141707420349121
0.4111793637275696
0.40805792808532715
0.4049032926559448
0.4018701910972595
0.3988950252532959
0.3958118259906769
0.3926490843296051
0.3895765244960785
0.3866012692451477
0.3835570216178894
0.3804023861885071
0.37729302048683167
0.3743021488189697
0.3712911009788513
0.3681586980819702
0.36502110958099365
0.3620024621486664
0.3590135872364044
0.3559132218360901
0.35276031494140625
0.3497067987918854
0.3467259109020233
0.34366169571876526
0.3405083119869232
0.33741894364356995
0.33443111181259155
0.33140096068382263
0.32826146483421326
0.32514122128486633
0.32213327288627625
0.3191295862197876
0.31601545214653015
0.3128742575645447
0.30983683466911316
0.30684781074523926
0.3037659525871277
0.3006168305873871
0.297545850276947
0.29455772042274475
0.29150933027267456
0.2883662283420563
0.2852632701396942
0.2822625935077667
0.2792433202266693
0.2761186957359314
0.2729906439781189
0.2699664533138275
0.26696720719337463
0.2638700604438782
0.26072782278060913
0.2576734125614166
0.2546820342540741
0.251616507768631
0.24847300350666046
0.24538692831993103
0.24239027500152588
0.23935510218143463
0.23622310161590576
0.2331092655658722
0.23009541630744934
0.22708427906036377
0.2239743322134018
0.2208411544561386
0.21780139207839966
0.21480412781238556
0.21172282099723816
0.20858177542686462
0.2055119127035141
0.20251624286174774
0.19946518540382385
0.19632883369922638
0.1932298243045807
0.19022347033023834
0.187199205160141
0.18407900631427765
0.18095672130584717
0.17792944610118866
0.17492403090000153
0.17182855308055878
0.16869260370731354
0.16563791036605835
0.16264039278030396
0.15957386791706085
0.1564360409975052
0.15335214138031006
0.1503504514694214
0.14731214940547943
0.14418433606624603
0.14107437431812286
0.13805732131004333
0.13504178822040558
0.1319340020418167
0.1288054883480072
0.1257646381855011
0.12276267260313034
0.11968141049146652
0.11654489487409592
0.11347593367099762
0.11047612130641937
0.1074233278632164
0.10429055988788605
0.10119398683309555
0.09818471968173981
0.09515750408172607
0.09203947335481644
0.08892043679952621
0.08589180558919907
0.08288299292325974
0.07978808879852295
0.07665549218654633
0.07360097020864487
0.07060032337903976
0.06753294914960861
0.0643979087471962
0.06131540238857269
0.05831138789653778
0.05527126044034958
0.05214523524045944
0.0490373894572258
0.046019114553928375
0.043001335114240646
0.039894189685583115
0.03676793724298477
0.03372699022293091
0.03072289191186428
0.027641234919428825
0.02450660429894924
0.021438447758555412
0.01843707635998726
0.015383176505565643
0.012251580134034157
0.009156309999525547
0.006146278697997332
0.0031176856718957424
-5.8788287822866825E-15
-0.0031176856718957424
-0.006146278697997332
-0.009156309999525547
-0.012251580134034157
-0.015383176505565643
-0.01843707635998726
-0.021438447758555412
-0.02450660429894924
-0.027641234919428825
-0.03072289191186428
-0.03372699022293091
-0.03676793724298477
-0.039894189685583115
-0.043001335114240646
-0.046019114553928375
-0.0490373894572258
-0.05214523524045944
-0.05527126044034958
-0.05831138789653778
-0.06131540238857269
-0.0643979087471962
-0.06753294914960861
-0.07060032337903976
-0.07360097020864487
-0.07665549218654633
-0.07978808879852295
-0.08288299292325974
-0.08589180558919907
-0.08892043679952621
-0.09203947335481644
-0.09515750408172607
-0.09818471968173981
-0.10119398683309555
-0.10429055988788605
-0.1074233278632164
-0.11047612130641937
-0.11347593367099762
-0.11654489487409592
-0.11968141049146652
-0.12276267260313034
-0.1257646381855011
-0.1288054883480072
-0.1319340020418167
-0.13504178822040558
-0.13805732131004333
-0.14107437431812286
-0.14418433606624603
-0.14731214940547943
-0.1503504514694214
-0.15335214138031006
-0.1564360409975052
-0.15957386791706085
-0.16264039278030396
-0.16563791036605835
-0.16869260370731354
-0.17182855308055878
-0.17492403090000153
-0.17792944610118866
-0.18095672130584717
-0.18407900631427765
-0.187199205160141
-0.19022347033023834
-0.1932298243045807
-0.19632883369922638
-0.19946518540382385
-0.20251624286174774
-0.2055119127035141
-0.20858177542686462
-0.21172282099723816
-0.21480412781238556
-0.21780139207839966
-0.2208411544561386
-0.2239743322134018
-0.22708427906036377
-0.23009541630744934
-0.2331092655658722
-0.23622310161590576
-0.23935510218143463
-0.24239027500152588
-0.24538692831993103
-0.24847300350666046
-0.251616507768631
-0.2546820342540741
-0.2576734125614166
-0.26072782278060913
-0.2638700604438782
-0.26696720719337463
-0.2699664533138275
-0.2729906439781189
-0.2761186957359314
-0.2792433202266693
-0.2822625935077667
-0.2852632701396942
-0.2883662283420563
-0.29150933027267456
-0.29455772042274475
-0.297545850276947
-0.3006168305873871
-0.3037659525871277
-0.30684781074523926
-0.30983683466911316
-0.3128742575645447
-0.31601545214653015
-0.3191295862197876
-0.32213327288627625
-0.32514122128486633
-0.32826146483421326
-0.33140096068382263
-0.33443111181259155
-0.33741894364356995
-0.3405083119869232
-0.34366169571876526
-0.3467259109020233
-0.3497067987918854
-0.35276031494140625
-0.3559132218360901
-0.3590135872364044
-0.3620024621486664
-0.36502110958099365
-0.3681586980819702
-0.3712911009788513
-0.3743021488189697
-0.37729302048683167
-0.3804023861885071
-0.3835570216178894
-0.3866012692451477
-0.3895765244960785
-0.3926490843296051
-0.3958118259906769
-0.3988950252532959
-0.4018701910972595
-0.4049032926559448
-0.40805792808532715
-0.4111793637275696
-0.4141707420349121
-0.41716840863227844
-0.4202992618083954
-0.42345166206359863
-0.42647358775138855
-0.4294462502002716
-0.4325409233570099
-0.43571117520332336
-0.4387734830379486
-0.44173648953437805
-0.4447881281375885
-0.44795921444892883
-0.45106539130210876
-0.4540366530418396
-0.4570454955101013
-0.4601992964744568
-0.46334534883499146
-0.4663424789905548
-0.46931615471839905
-0.4724363386631012
-0.47561115026474
-0.47864845395088196
-0.4816012680530548
-0.48467621207237244
-0.48786288499832153
-0.4909486770629883
-0.49389949440956116
-0.49692463874816895
-0.5001029372215271
-0.503237783908844
-0.506207287311554
-0.5091863870620728
-0.512336015701294
-0.5155118703842163
-0.5185191631317139
-0.5214642286300659
-0.5245682597160339
-0.5277693271636963
-0.5308285355567932
-0.5337585806846619
-0.5368064641952515
-0.5400112271308899
-0.5431286096572876
-0.54606693983078
-0.5490570068359375
-0.5522412657737732
-0.555413544178009
-0.558384358882904
-0.5613248348236084
-0.5644655227661133
-0.5676796436309814
-0.5707038640975952
-0.5736124515533447
-0.5766916871070862
-0.5799258351325989
-0.5830173492431641
-0.5859193205833435
-0.5889279246330261
-0.5921542644500732
-0.5953169465065002
-0.5982416272163391
-0.6011815667152405
-0.6043702363967896
-0.6075959801673889
-0.6105726957321167
-0.6134581565856934
-0.6165817975997925
-0.6198505163192749
-0.6229034066200256
-0.6257600784301758
-0.6287987232208252
-0.6320798397064209
-0.6352236270904541
-0.6380860805511475
-0.6410313248634338
-0.6442872881889343
-0.6475232243537903
-0.6504308581352234
-0.6532890200614929
-0.6564798951148987
-0.6597937941551208
-0.662785530090332
-0.665579080581665
-0.668668270111084
-0.6720296144485474
-0.6751381754875183
-0.6779052019119263
-0.6808655858039856
-0.6842289566993713
-0.68747478723526
-0.6902672052383423
-0.6930862069129944
-0.6963942646980286
-0.6997805237770081
-0.7026602029800415
-0.705345094203949
-0.708532452583313
-0.7120406031608582
-0.7150755524635315
-0.7176571488380432
-0.7206540703773499
-0.7242399454116821
-0.7275010347366333
-0.7300382852554321
-0.7327723503112793
-0.7363602519035339
-0.7399227023124695
-0.7425116300582886
-0.7449018359184265
-0.7483685612678528
-0.7523259520530701
-0.7551302313804626
-0.7570566534996033
-0.7601686716079712
-0.7646970152854919
-0.7680933475494385
-0.7692509293556213
-0.7712606191635132
-0.7770163416862488
-0.7832543253898621
-0.7816141247749329
