0.0
0.030671145766973495
0.06129150465130806
0.09181042015552521
0.12217751145362854
0.1523427963256836
0.18225686252117157
0.2118709236383438
0.24113702774047852
0.2700081467628479
0.29843831062316895
0.32638266682624817
0.3537977635860443
0.38064146041870117
0.4068731367588043
0.43245387077331543
0.4573463797569275
0.48151516914367676
0.5049267411231995
0.5275494456291199
0.5493538975715637
0.5703125596046448
0.5904002785682678
0.6095941066741943
0.6278733611106873
0.6452197432518005
0.6616172790527344
0.6770523190498352
0.6915138363838196
0.7049930095672607
0.7174836993217468
0.7289819121360779
0.7394862771034241
0.7489978671073914
0.7575199007987976
0.7650582790374756
0.7716209292411804
0.7772182822227478
0.781862735748291
0.7855691313743591
0.7883541584014893
0.79023677110672
0.7912376523017883
0.7913795113563538
0.7906867861747742
0.7891857028007507
0.7869038581848145
0.7838706374168396
0.780116617679596
0.7756736874580383
0.7705750465393066
0.764854907989502
0.7585482597351074
0.7516911625862122
0.7443203330039978
0.7364729046821594
0.7281867861747742
0.7195000052452087
0.7104509472846985
0.7010779976844788
0.6914196014404297
0.6815140843391418
0.6713995933532715
0.6611137390136719
0.6506938338279724
0.64017653465271
0.6295977830886841
0.6189927458763123
0.6083958148956299
0.5978402495384216
0.5873582363128662
0.5769809484481812
0.5667381882667542
0.5566584467887878
0.5467689037322998
0.5370951294898987
0.5276613235473633
0.5184900760650635
0.5096023678779602
0.5010173916816711
0.49275287985801697
0.48482459783554077
0.4772467613220215
0.4700316786766052
0.4631899297237396
0.45673033595085144
0.45065993070602417
0.44498392939567566
0.43970584869384766
0.43482744693756104
0.43034878373146057
0.42626821994781494
0.4225824773311615
0.41928669810295105
0.41637444496154785
0.41383785009384155
0.4116675555706024
0.4098528027534485
0.40838155150413513
0.40724053978919983
0.40641534328460693
0.40589043498039246
0.40564921498298645
0.4056742787361145
0.4059472978115082
0.40644919872283936
0.4071602523326874
0.4080601930618286
0.40912824869155884
0.410343199968338
0.411683589220047
0.41312775015830994
0.4146538972854614
0.41624021530151367
0.41786491870880127
0.4195064306259155
0.42114338278770447
0.4227547347545624
0.42431989312171936
0.42581871151924133
0.4272315800189972
0.42853960394859314
0.4297245144844055
0.4307689070701599
0.4316560924053192
0.4323704242706299
0.43289706110954285
0.43322229385375977
0.4333333373069763
0.4332185983657837
0.43286749720573425
0.43227073550224304
0.43142011761665344
0.43030861020088196
0.42893046140670776
0.42728111147880554
0.42535728216171265
0.42315685749053955
0.4206790030002594
0.41792404651641846
0.41489359736442566
0.4115903675556183
0.4080182909965515
0.40418243408203125
0.4000888764858246
0.3957448899745941
0.39115867018699646
0.3863394260406494
0.3812972605228424
0.37604326009750366
0.3705891966819763
0.36494770646095276
0.3591320514678955
0.3531562089920044
0.34703466296195984
0.34078243374824524
0.3344150185585022
0.32794827222824097
0.3213982582092285
0.3147813677787781
0.3081141412258148
0.3014131784439087
0.29469507932662964
0.28797638416290283
0.28127357363700867
0.27460283041000366
0.26798009872436523
0.2614210844039917
0.254940927028656
0.24855446815490723
0.24227593839168549
0.23611900210380554
0.2300967127084732
0.22422140836715698
0.21850472688674927
0.21295751631259918
0.207589790225029
0.2024107426404953
0.1974286288022995
0.19265082478523254
0.1880837231874466
0.1837327778339386
0.17960244417190552
0.17569617927074432
0.1720164269208908
0.16856461763381958
0.16534116864204407
0.1623455137014389
0.15957602858543396
0.1570301502943039
0.15470431745052338
0.15259402990341187
0.1506938487291336
0.14899742603302002
0.14749757945537567
0.14618626236915588
0.1450546532869339
0.14409315586090088
0.14329150319099426
0.14263874292373657
0.1421232968568802
0.1417330950498581
0.1414554864168167
0.14127744734287262
0.14118553698062897
0.14116597175598145
0.14120471477508545
0.14128756523132324
0.14140012860298157
0.1415279656648636
0.14165660738945007
0.14177164435386658
0.141858771443367
0.1419038623571396
0.14189301431179047
0.14181263744831085
0.14164946973323822
0.14139068126678467
0.1410238891839981
0.14053723216056824
0.13991940021514893
0.13915972411632538
0.13824817538261414
0.13717542588710785
0.13593289256095886
0.1345127522945404
0.13290801644325256
0.1311124861240387
0.129120871424675
0.12692871689796448
0.12453252077102661
0.12192963808774948
0.11911838501691818
0.11609798669815063
0.11286859214305878
0.10943129658699036
0.10578810423612595
0.10194192081689835
0.09789656847715378
0.09365673363208771
0.08922795206308365
0.08461661636829376
0.07982990145683289
0.07487575709819794
0.06976286321878433
0.0645006075501442
0.05909902602434158
0.0535687580704689
0.047921013087034225
0.04216751828789711
0.03632045537233353
0.030392419546842575
0.02439635805785656
0.01834551803767681
0.012253381311893463
0.006133613642305136
6.123234262925839E-17
-0.006133613642305136
-0.012253381311893463
-0.01834551803767681
-0.02439635805785656
-0.030392419546842575
-0.03632045537233353
-0.04216751828789711
-0.047921013087034225
-0.0535687580704689
-0.05909902602434158
-0.0645006075501442
-0.06976286321878433
-0.07487575709819794
-0.07982990145683289
-0.08461661636829376
-0.08922795206308365
-0.09365673363208771
-0.09789656847715378
-0.10194192081689835
-0.10578810423612595
-0.10943129658699036
-0.11286859214305878
-0.11609798669815063
-0.11911838501691818
-0.12192963808774948
-0.12453252077102661
-0.12692871689796448
-0.129120871424675
-0.1311124861240387
-0.13290801644325256
-0.1345127522945404
-0.13593289256095886
-0.13717542588710785
-0.13824817538261414
-0.13915972411632538
-0.13991940021514893
-0.14053723216056824
-0.1410238891839981
-0.14139068126678467
-0.14164946973323822
-0.14181263744831085
-0.14189301431179047
-0.1419038623571396
-0.141858771443367
-0.14177164435386658
-0.14165660738945007
-0.1415279656648636
-0.14140012860298157
-0.14128756523132324
-0.14120471477508545
-0.14116597175598145
-0.14118553698062897
-0.14127744734287262
-0.1414554864168167
-0.1417330950498581
-0.1421232968568802
-0.14263874292373657
-0.14329150319099426
-0.14409315586090088
-0.1450546532869339
-0.14618626236915588
-0.14749757945537567
-0.14899742603302002
-0.1506938487291336
-0.15259402990341187
-0.15470431745052338
-0.1570301502943039
-0.15957602858543396
-0.1623455137014389
-0.16534116864204407
-0.16856461763381958
-0.1720164269208908
-0.17569617927074432
-0.17960244417190552
-0.1837327778339386
-0.1880837231874466
-0.19265082478523254
-0.1974286288022995
-0.2024107426404953
-0.207589790225029
-0.21295751631259918
-0.21850472688674927
-0.22422140836715698
-0.2300967127084732
-0.23611900210380554
-0.24227593839168549
-0.24855446815490723
-0.254940927028656
-0.2614210844039917
-0.26798009872436523
-0.27460283041000366
-0.28127357363700867
-0.28797638416290283
-0.29469507932662964
-0.3014131784439087
-0.3081141412258148
-0.3147813677787781
-0.3213982582092285
-0.32794827222824097
-0.3344150185585022
-0.34078243374824524
-0.34703466296195984
-0.3531562089920044
-0.3591320514678955
-0.36494770646095276
-0.3705891966819763
-0.37604326009750366
-0.3812972605228424
-0.3863394260406494
-0.39115867018699646
-0.3957448899745941
-0.4000888764858246
-0.40418243408203125
-0.4080182909965515
-0.4115903675556183
-0.41489359736442566
-0.41792404651641846
-0.4206790030002594
-0.42315685749053955
-0.42535728216171265
-0.42728111147880554
-0.42893046140670776
-0.43030861020088196
-0.43142011761665344
-0.43227073550224304
-0.43286749720573425
-0.4332185983657837
-0.4333333373069763
-0.43322229385375977
-0.43289706110954285
-0.4323704242706299
-0.4316560924053192
-0.4307689070701599
-0.4297245144844055
-0.42853960394859314
-0.4272315800189972
-0.42581871151924133
-0.42431989312171936
-0.4227547347545624
-0.42114338278770447
-0.4195064306259155
-0.41786491870880127
-0.41624021530151367
-0.4146538972854614
-0.41312775015830994
-0.411683589220047
-0.410343199968338
-0.40912824869155884
-0.4080601930618286
-0.4071602523326874
-0.40644919872283936
-0.4059472978115082
-0.4056742787361145
-0.40564921498298645
-0.40589043498039246
-0.40641534328460693
-0.40724053978919983
-0.40838155150413513
-0.4098528027534485
-0.4116675555706024
-0.41383785009384155
-0.41637444496154785
-0.41928669810295105
-0.4225824773311615
-0.42626821994781494
-0.43034878373146057
-0.43482744693756104
-0.43970584869384766
-0.44498392939567566
-0.45065993070602417
-0.45673033595085144
-0.4631899297237396
-0.4700316786766052
-0.4772467613220215
-0.48482459783554077
-0.49275287985801697
-0.5010173916816711
-0.5096023678779602
-0.5184900760650635
-0.5276613235473633
-0.5370951294898987
-0.5467689037322998
-0.5566584467887878
-0.5667381882667542
-0.5769809484481812
-0.5873582363128662
-0.5978402495384216
-0.6083958148956299
-0.6189927458763123
-0.6295977830886841
-0.64017653465271
-0.6506938338279724
-0.6611137390136719
-0.6713995933532715
-0.6815140843391418
-0.6914196014404297
-0.7010779976844788
-0.7104509472846985
-0.7195000052452087
-0.7281867861747742
-0.7364729046821594
-0.7443203330039978
-0.7516911625862122
-0.7585482597351074
-0.764854907989502
-0.7705750465393066
-0.7756736874580383
-0.780116617679596
-0.7838706374168396
-0.7869038581848145
-0.7891857028007507
-0.7906867861747742
-0.7913795113563538
-0.7912376523017883
-0.79023677110672
-0.7883541584014893
-0.7855691313743591
-0.781862735748291
-0.7772182822227478
-0.7716209292411804
-0.7650582790374756
-0.7575199007987976
-0.7489978671073914
-0.7394862771034241
-0.7289819121360779
-0.7174836993217468
-0.7049930095672607
-0.6915138363838196
-0.6770523190498352
-0.6616172790527344
-0.6452197432518005
-0.6278733611106873
-0.6095941066741943
-0.5904002785682678
-0.5703125596046448
-0.5493538975715637
-0.5275494456291199
-0.5049267411231995
-0.48151516914367676
-0.4573463797569275
-0.43245387077331543
-0.4068731367588043
-0.38064146041870117
-0.3537977635860443
-0.32638266682624817
-0.29843831062316895
-0.2700081467628479
-0.24113702774047852
-0.2118709236383438
-0.18225686252117157
-0.1523427963256836
-0.12217751145362854
-0.09181042015552521
-0.06129150465130806
-0.030671145766973495
-6.123233998228043E-16
0.030671145766973495
0.06129150465130806
0.09181042015552521
0.12217751145362854
0.1523427963256836
0.18225686252117157
0.2118709236383438
0.24113702774047852
0.2700081467628479
0.29843831062316895
0.32638266682624817
0.3537977635860443
0.38064146041870117
0.4068731367588043
0.43245387077331543
0.4573463797569275
0.48151516914367676
0.5049267411231995
0.5275494456291199
0.5493538975715637
0.5703125596046448
0.5904002785682678
0.6095941066741943
0.6278733611106873
0.6452197432518005
0.6616172790527344
0.6770523190498352
0.6915138363838196
0.7049930095672607
0.7174836993217468
0.7289819121360779
0.7394862771034241
0.7489978671073914
0.7575199007987976
0.7650582790374756
0.7716209292411804
0.7772182822227478
0.781862735748291
0.7855691313743591
0.7883541584014893
0.79023677110672
0.7912376523017883
0.7913795113563538
0.7906867861747742
0.7891857028007507
0.7869038581848145
0.7838706374168396
0.780116617679596
0.7756736874580383
0.7705750465393066
0.764854907989502
0.7585482597351074
0.7516911625862122
0.7443203330039978
0.7364729046821594
0.7281867861747742
0.7195000052452087
0.7104509472846985
0.7010779976844788
0.6914196014404297
0.6815140843391418
0.6713995933532715
0.6611137390136719
0.6506938338279724
0.64017653465271
0.6295977830886841
0.6189927458763123
0.6083958148956299
0.5978402495384216
0.5873582363128662
0.5769809484481812
0.5667381882667542
0.5566584467887878
0.5467689037322998
0.5370951294898987
0.5276613235473633
0.5184900760650635
0.5096023678779602
0.5010173916816711
0.49275287985801697
0.48482459783554077
0.4772467613220215
0.4700316786766052
0.4631899297237396
0.45673033595085144
0.45065993070602417
0.44498392939567566
0.43970584869384766
0.43482744693756104
0.43034878373146057
0.42626821994781494
0.4225824773311615
0.41928669810295105
0.41637444496154785
0.41383785009384155
0.4116675555706024
0.4098528027534485
0.40838155150413513
0.40724053978919983
0.40641534328460693
0.40589043498039246
0.40564921498298645
0.4056742787361145
0.4059472978115082
0.40644919872283936
0.4071602523326874
0.4080601930618286
0.40912824869155884
0.410343199968338
0.411683589220047
0.41312775015830994
0.4146538972854614
0.41624021530151367
0.41786491870880127
0.4195064306259155
0.42114338278770447
0.4227547347545624
0.42431989312171936
0.42581871151924133
0.4272315800189972
0.42853960394859314
0.4297245144844055
0.4307689070701599
0.4316560924053192
0.4323704242706299
0.43289706110954285
0.43322229385375977
0.4333333373069763
0.4332185983657837
0.43286749720573425
0.43227073550224304
0.43142011761665344
0.43030861020088196
0.42893046140670776
0.42728111147880554
0.42535728216171265
0.42315685749053955
0.4206790030002594
0.41792404651641846
0.41489359736442566
0.4115903675556183
0.4080182909965515
0.40418243408203125
0.4000888764858246
0.3957448899745941
0.39115867018699646
0.3863394260406494
0.3812972605228424
0.37604326009750366
0.3705891966819763
0.36494770646095276
0.3591320514678955
0.3531562089920044
0.34703466296195984
0.34078243374824524
0.3344150185585022
0.32794827222824097
0.3213982582092285
0.3147813677787781
0.3081141412258148
0.3014131784439087
0.29469507932662964
0.28797638416290283
0.28127357363700867
0.27460283041000366
0.26798009872436523
0.2614210844039917
0.254940927028656
0.24855446815490723
0.24227593839168549
0.23611900210380554
0.2300967127084732
0.22422140836715698
0.21850472688674927
0.21295751631259918
0.207589790225029
0.2024107426404953
0.1974286288022995
0.19265082478523254
0.1880837231874466
0.1837327778339386
0.17960244417190552
0.17569617927074432
0.1720164269208908
0.16856461763381958
0.16534116864204407
0.1623455137014389
0.15957602858543396
0.1570301502943039
0.15470431745052338
0.15259402990341187
0.1506938487291336
0.14899742603302002
0.14749757945537567
0.14618626236915588
0.1450546532869339
0.14409315586090088
0.14329150319099426
0.14263874292373657
0.1421232968568802
0.1417330950498581
0.1414554864168167
0.14127744734287262
0.14118553698062897
0.14116597175598145
0.14120471477508545
0.14128756523132324
0.14140012860298157
0.1415279656648636
0.14165660738945007
0.14177164435386658
0.141858771443367
0.1419038623571396
0.14189301431179047
0.14181263744831085
0.14164946973323822
0.14139068126678467
0.1410238891839981
0.14053723216056824
0.13991940021514893
0.13915972411632538
0.13824817538261414
0.13717542588710785
0.13593289256095886
0.1345127522945404
0.13290801644325256
0.1311124861240387
0.129120871424675
0.12692871689796448
0.12453252077102661
0.12192963808774948
0.11911838501691818
0.11609798669815063
0.11286859214305878
0.10943129658699036
0.10578810423612595
0.10194192081689835
0.09789656847715378
0.09365673363208771
0.08922795206308365
0.08461661636829376
0.07982990145683289
0.07487575709819794
0.06976286321878433
0.0645006075501442
0.05909902602434158
0.0535687580704689
0.047921013087034225
0.04216751828789711
0.03632045537233353
0.030392419546842575
0.02439635805785656
0.01834551803767681
0.012253381311893463
0.006133613642305136
5.389683878268914E-16
-0.006133613642305136
-0.012253381311893463
-0.01834551803767681
-0.02439635805785656
-0.030392419546842575
-0.03632045537233353
-0.04216751828789711
-0.047921013087034225
-0.0535687580704689
-0.05909902602434158
-0.0645006075501442
-0.06976286321878433
-0.07487575709819794
-0.07982990145683289
-0.08461661636829376
-0.08922795206308365
-0.09365673363208771
-0.09789656847715378
-0.10194192081689835
-0.10578810423612595
-0.10943129658699036
-0.11286859214305878
-0.11609798669815063
-0.11911838501691818
-0.12192963808774948
-0.12453252077102661
-0.12692871689796448
-0.129120871424675
-0.1311124861240387
-0.13290801644325256
-0.1345127522945404
-0.13593289256095886
-0.13717542588710785
-0.13824817538261414
-0.13915972411632538
-0.13991940021514893
-0.14053723216056824
-0.1410238891839981
-0.14139068126678467
-0.14164946973323822
-0.14181263744831085
-0.14189301431179047
-0.1419038623571396
-0.141858771443367
-0.14177164435386658
-0.14165660738945007
-0.1415279656648636
-0.14140012860298157
-0.14128756523132324
-0.14120471477508545
-0.14116597175598145
-0.14118553698062897
-0.14127744734287262
-0.1414554864168167
-0.1417330950498581
-0.1421232968568802
-0.14263874292373657
-0.14329150319099426
-0.14409315586090088
-0.1450546532869339
-0.14618626236915588
-0.14749757945537567
-0.14899742603302002
-0.1506938487291336
-0.15259402990341187
-0.15470431745052338
-0.1570301502943039
-0.15957602858543396
-0.1623455137014389
-0.16534116864204407
-0.16856461763381958
-0.1720164269208908
-0.17569617927074432
-0.17960244417190552
-0.1837327778339386
-0.1880837231874466
-0.19265082478523254
-0.1974286288022995
-0.2024107426404953
-0.207589790225029
-0.21295751631259918
-0.21850472688674927
-0.22422140836715698
-0.2300967127084732
-0.23611900210380554
-0.24227593839168549
-0.24855446815490723
-0.254940927028656
-0.2614210844039917
-0.26798009872436523
-0.27460283041000366
-0.28127357363700867
-0.28797638416290283
-0.29469507932662964
-0.3014131784439087
-0.3081141412258148
-0.3147813677787781
-0.3213982582092285
-0.32794827222824097
-0.3344150185585022
-0.34078243374824524
-0.34703466296195984
-0.3531562089920044
-0.3591320514678955
-0.36494770646095276
-0.3705891966819763
-0.37604326009750366
-0.3812972605228424
-0.3863394260406494
-0.39115867018699646
-0.3957448899745941
-0.4000888764858246
-0.40418243408203125
-0.4080182909965515
-0.4115903675556183
-0.41489359736442566
-0.41792404651641846
-0.4206790030002594
-0.42315685749053955
-0.42535728216171265
-0.42728111147880554
-0.42893046140670776
-0.43030861020088196
-0.43142011761665344
-0.43227073550224304
-0.43286749720573425
-0.4332185983657837
-0.4333333373069763
-0.43322229385375977
-0.43289706110954285
-0.4323704242706299
-0.4316560924053192
-0.4307689070701599
-0.4297245144844055
-0.42853960394859314
-0.4272315800189972
-0.42581871151924133
-0.42431989312171936
-0.4227547347545624
-0.42114338278770447
-0.4195064306259155
-0.41786491870880127
-0.41624021530151367
-0.4146538972854614
-0.41312775015830994
-0.411683589220047
-0.410343199968338
-0.40912824869155884
-0.4080601930618286
-0.4071602523326874
-0.40644919872283936
-0.4059472978115082
-0.4056742787361145
-0.40564921498298645
-0.40589043498039246
-0.40641534328460693
-0.40724053978919983
-0.40838155150413513
-0.4098528027534485
-0.4116675555706024
-0.41383785009384155
-0.41637444496154785
-0.41928669810295105
-0.4225824773311615
-0.42626821994781494
-0.43034878373146057
-0.43482744693756104
-0.43970584869384766
-0.44498392939567566
-0.45065993070602417
-0.45673033595085144
-0.4631899297237396
-0.4700316786766052
-0.4772467613220215
-0.48482459783554077
-0.49275287985801697
-0.5010173916816711
-0.5096023678779602
-0.5184900760650635
-0.5276613235473633
-0.5370951294898987
-0.5467689037322998
-0.5566584467887878
-0.5667381882667542
-0.5769809484481812
-0.5873582363128662
-0.5978402495384216
-0.6083958148956299
-0.6189927458763123
-0.6295977830886841
-0.64017653465271
-0.6506938338279724
-0.6611137390136719
-0.6713995933532715
-0.6815140843391418
-0.6914196014404297
-0.7010779976844788
-0.7104509472846985
-0.7195000052452087
-0.7281867861747742
-0.7364729046821594
-0.7443203330039978
-0.7516911625862122
-0.7585482597351074
-0.764854907989502
-0.7705750465393066
-0.7756736874580383
-0.780116617679596
-0.7838706374168396
-0.7869038581848145
-0.7891857028007507
-0.7906867861747742
-0.7913795113563538
-0.7912376523017883
-0.79023677110672
-0.7883541584014893
-0.7855691313743591
-0.781862735748291
-0.7772182822227478
-0.7716209292411804
-0.7650582790374756
-0.7575199007987976
-0.7489978671073914
-0.7394862771034241
-0.7289819121360779
-0.7174836993217468
-0.7049930095672607
-0.6915138363838196
-0.6770523190498352
-0.6616172790527344
-0.6452197432518005
-0.6278733611106873
-0.6095941066741943
-0.5904002785682678
-0.5703125596046448
-0.5493538975715637
-0.5275494456291199
-0.5049267411231995
-0.48151516914367676
-0.4573463797569275
-0.43245387077331543
-0.4068731367588043
-0.38064146041870117
-0.3537977635860443
-0.32638266682624817
-0.29843831062316895
-0.2700081467628479
-0.24113702774047852
-0.2118709236383438
-0.18225686252117157
-0.1523427963256836
-0.12217751145362854
-0.09181042015552521
-0.06129150465130806
-0.030671145766973495
