0.255552808
1.147856746
-0.030391455
0.624023218
-0.676961154
0.344621984
0.101356321
0.988968377
-0.17625835
-1.232911365
-0.625796263
1.442256374
0.580208921
0.962655947
-0.601264969
-0.548926665
-0.3645065
0.260422996
1.476595682
-0.053296442
-0.502624949
1.138079684
1.491662162
0.696677583
-1.210198352
0.60960076
0.386823722
-0.808255803
0.408478169
-0.12548968
-0.001071458
-0.91747658
-1.155808381
0.516503086
0.568131468
-0.717074226
0.600008416
-0.679990289
0.157367608
-0.232783921
-0.42223882
1.047065241
0.806415591
1.294993268
0.932026431
-1.407898467
1.268969817
0.397327645
-0.916339243
-1.009981873
0.889997131
-1.385376442
1.314753766
-1.490305308
0.427149595
-0.127026347
0.716649413
-0.034974605
0.278276066
0.571159603
-0.892151232
-0.922517377
1.242882783
-1.082518825
0.718149693
0.472588615
-0.450802683
-0.458450856
1.435012067
-1.389577984
0.516561638
-0.558079361
-1.351079628
0.657984235
-0.829170647
-0.492901755
-1.401032968
1.304881738
-0.372963315
1.224358245
1.467617755
0.193959964
-1.417480655
-0.099830713
-0.85404972
-0.438014712
1.048501929
0.821643592
-1.010293994
-1.072975591
0.928862151
0.086964775
-0.118805885
0.522046765
1.406852656
0.555781997
1.038640134
0.170791433
-0.131363637
-0.9856553
-0.857077052
1.282848712
0.566773581
0.516257449
0.38446374
0.314302162
0.002669715
-0.559971253
0.743676331
0.297796204
-0.655519839
0.106591424
-0.880838369
-0.326189309
-0.893309672
-0.79719414
-1.129379729
-0.630579443
-0.06246475
-0.019996177
0.458900167
-1.040919393
-0.23570702
-1.10474352
0.62890753
-0.236421918
0.149839963
0.949498739
-1.229849438
-1.362845242
-1.187536799
-1.30648835
-1.232661039
0.105963867
1.367557526
0.265660033
-0.068869896
-1.237396588
1.346938998
1.000619759
0.40479655
-0.874799737
-0.399866561
0.972641543
0.656333293
-0.032347153
-0.82646522
-0.153653298
-1.35116078
-0.648304369
-0.814978078
-0.50312644
0.064988743
-0.244819794
-0.889594096
-1.258662528
-1.136334948
0.317331589
0.935098324
-1.295212083
0.846438824
-1.260435075
0.286336169
-1.148915488
-0.712489246
-0.58379758
-0.180358249
-0.581021708
0.053778856
-1.079381903
-0.606997944
0.155489632
-0.392599297
0.028772339
-0.721844888
-0.669037012
-0.193363096
-0.381236814
-1.163009251
-0.496597752
0.167620583
-1.312745813
-0.294832545
-0.07746463
-0.824091711
-1.230394475
0.011842229
-1.19270139
-0.506627712
-1.323462279
0.973605497
0.358239368
0.850621414
1.283258505
-1.101241053
0.851831877
-0.701251038
1.03010253
-1.453458908
-0.417882174
-0.37738941
-0.297327684
-1.083008136
1.303942839
-0.551764274
-0.283851299
-0.58501828
0.921127573
0.564418006
0.300501994
1.433589869
1.031793834
1.243511659
0.790159478
0.862169752
-1.366990941
-0.479701302
0.343661711
0.784321726
0.972557121
0.901068831
-0.325621972
1.474154998
-1.010333744
0.753494405
-0.211661025
-1.384606385
-0.405964375
-1.322766882
-0.770595493
-0.268811209
1.329097356
-1.377424213
-1.155868814
1.491284289
-0.864384407
1.019952876
-0.921780193
-0.667718879
0.007224032
-0.872637504
-0.455167077
0.64283969
0.556198533
-0.654984665
0.85845731
-0.73210212
1.22402601
1.503999537
-0.472843548
0.460526168
0.398038699
-0.958343293
0.002752739
0.27391541
0.7595341
0.68280672
0.282077876
1.080364565
0.070416321
0.01066894
0.001809325
-0.306464956
0.811653315
-0.496184571
1.167863118
-1.34028132
-1.002824868
1.288008573
0.8733481
0.962106543
0.932944205
-0.005082374
-3.02356E-06
0.950057357
0.107515679
-0.218195108
-1.41434308
-1.141429093
0.866174328
-1.827535065
-1.635711211
0.716005289
0.728852581
-1.775598181
-0.170120275
0.916781967
0.585002215
0.337279747
1.01840541
0.362047015
1.10168463
-0.030296827
0.7615683
-0.282470981
0.446508989
-0.003392458
0.904521826
-1.645148378
0.440022035
-1.452848809
-2.286379888
-2.082243819
-0.337377785
-2.321799386
-1.330767596
0.566883979
0.822965224
-0.727011423
-0.739207546
0.798698143
1.681182393
-0.444429882
0.020981154
1.323505405
-0.285771799
-0.708881739
-0.386324292
-0.560899264
-0.831099842
-1.999353902
0.461210297
-1.261079011
-0.417218617
-1.705376707
-0.627235766
0.802835798
-1.525187618
0.592407031
-0.60010585
-0.916138443
0.553642234
-0.25170842
1.697491418
-0.444428211
-0.381229019
-0.448537272
-1.348039172
0.703042449
1.33991072
0.713976985
-1.156952938
0.049338313
0.614391822
0.552174167
-0.063213047
0.483156881
-0.523419753
0.22094665
-0.488443755
-0.07509436
0.803666819
0.924857603
-0.197796338
-1.047911387
1.185217254
-0.103779426
-0.046876037
-0.178385575
1.337908041
-1.201588442
-0.730268769
-0.456513862
0.33332418
1.396077412
0.825175651
-0.992857735
-0.789478235
1.227685489
-0.448949814
-1.417020615
-0.157395217
0.518897646
1.428303451
-1.435622389
0.976896119
-0.562900995
0.981177724
1.2930123
-0.579671061
-1.178661079
0.113463147
1.326057179
-1.213128772
-1.233567577
-1.133448937
-0.767933371
-0.137880325
0.201148241
-0.877333678
0.653520581
0.026138564
-0.165814227
0.105290516
1.480459502
1.49573143
0.717134722
-0.546776051
0.494061066
-1.254723271
1.254152934
0.420216836
1.369817135
0.814588554
0.447815351
0.787768156
0.418349745
1.238515821
0.828825947
0.721749512
1.174301108
0.811707201
-1.001248364
0.64651179
0.526716513
-1.170629919
-0.616863583
-0.822428551
0.84250799
0.096084064
0.669099265
-1.358739135
-1.366356368
-0.683791612
0.916723419
-0.966697879
-0.75481868
0.777713155
1.390955227
1.252322357
-0.253802963
-0.43455333
-0.054221037
0.069110345
0.359924996
-0.509031989
-0.890223447
-1.208104671
0.602365602
-1.005987554
-1.385980887
-0.062270069
-0.993449335
-1.205959386
0.392704557
-0.621364797
-0.152740421
-0.920985457
-0.63359192
0.873146237
-0.847412607
0.876691397
0.515538654
-0.232252162
-1.165125228
-0.411575792
1.241567305
-1.056249636
-1.416093188
-0.533400446
0.339093587
-0.615870704
1.084421621
0.132077802
1.174022566
-0.225860457
0.608659542
0.029784817
0.663788678
0.455529363
0.368825269
0.892438619
-1.316287575
-0.775596335
1.370725633
-0.664476652
-0.819152798
-0.385148964
-1.432473913
-0.488652214
1.387776986
-0.06661545
-1.309480684
0.789633415
1.173166586
0.627146088
-1.270751807
-0.981421992
0.535394223
-0.977854315
-0.276127671
1.163163271
0.500809089
0.414326331
-1.304724675
1.049546018
0.800408738
-0.957427473
-0.883189393
0.682658214
0.533926147
-0.401312816
1.255457543
0.14082365
0.962599073
-1.113826404
-0.478641987
-0.202336507
0.702185773
0.926011579
-0.063345199
-1.191691408
-1.038187412
-1.063630045
-1.211760178
-1.305201298
-0.745742295
-0.222263199
0.248402665
-0.797593482
1.014417023
0.1146046
0.785444802
1.485169808
-0.405759458
1.392326693
-1.032793823
0.98837335
-1.00881662
-0.058139657
1.1800172
-1.091167642
-1.127085288
0.475856207
-0.290958201
0.330592304
-1.315091336
0.193311803
0.858422683
-0.310204716
-0.419830108
-0.638373424
0.401886871
1.067068309
0.134468171
0.929862271
0.634810468
-0.485511301
-0.237844751
-0.364066126
1.301603975
1.09197609
-0.536215243
-1.070287094
1.213570489
0.533998008
-1.401179344
-0.893739001
-0.320348244
-1.479480663
-0.383806885
-1.389931958
1.036034791
-0.428648802
-1.327122469
1.348720683
1.148673032
0.255461193
0.081760314
-1.273881583
0.675126083
0.898196744
0.292684785
0.049179725
-0.750784006
-0.102171164
-0.685097469
0.610587764
0.478845791
0.828560169
0.500446276
-0.796110932
-0.861042803
-1.110572793
-1.054128992
-0.736772861
-0.547686796
-0.386322657
1.417246924
0.624295968
-0.686728429
-1.05140048
-0.636563977
0.101401339
-0.969522033
-1.057156738
1.28887536
0.874722462
0.679924475
0.001562626
1.429178764
1.006140824
-0.015511011
0.077873136
-0.425336512
-1.279462373
1.355970437
0.54052836
1.16243387
-1.258649278
-0.459781858
-1.291173889
-1.40566311
1.233718092
1.005999824
-1.139108045
0.066988639
0.158966317
0.759467488
-1.15350483
1.316945941
1.414554788
-0.783437255
0.834975861
-0.185763973
0.261514372
-0.232567533
0.045371031
0.553402703
1.383840597
-0.94390957
0.260225718
-1.044567335
-1.455324184
-0.315111002
0.613610275
-0.839998269
1.26808703
-1.188697742
0.035753035
0.667227741
0.067142254
-0.13404252
-1.29730259
0.387981286
-0.26032731
-0.072420836
-0.791401192
-1.013912121
1.125236888
0.889810897
0.407115841
0.819109585
-0.447286081
-1.266816176
0.393971931
-1.198587779
-0.702998071
-0.649281172
-0.615557051
0.064367102
1.310405963
-0.927767859
-0.177408496
1.393350691
0.440367278
-0.497799605
-0.940180319
0.799786448
0.783626831
-1.311531414
-0.524457811
0.308563719
0.885205304
-0.445252204
1.256185834
1.364485244
0.828882967
0.739772435
0.177564904
-0.666031214
0.302485678
1.213123119
-1.489260839
-1.22812517
-1.405262653
0.550303941
0.243920693
0.003007123
1.200261708
-0.070189979
-0.063977238
0.840382186
0.473930769
0.582023217
0.177163479
1.395682603
-0.946821335
0.863822478
0.206870436
1.129255002
0.655924519
0.194083476
0.111537779
0.008711886
0.127272752
1.43255788
-0.712514115
1.116455524
1.253516175
1.089713483
-1.480504573
-0.308284154
0.860765099
-0.117869941
-0.278411707
0.85383746
0.7880075
-1.113849745
0.66729389
0.514912666
-0.416404927
0.873674766
1.492253426
0.157366217
1.211593901
-1.460925605
0.709715254
-0.396520814
-0.375549305
0.626771157
0.018826917
-1.102664487
1.112304608
-0.747780156
0.535894869
0.278377225
0.946523647
0.501246909
-0.350145785
-1.049899175
0.827941569
0.256733446
0.897813988
0.931175431
-1.25556097
1.220228669
-0.611528207
-1.158704885
0.972786025
-0.378291476
-1.003978109
-1.062983894
-0.474135346
1.198602641
1.006668477
1.04812816
0.655493283
-0.633677561
0.754276286
-1.270598841
0.842604648
1.341160431
-1.371527759
1.163031101
-1.488074702
0.523962982
0.443665596
-0.594189909
0.640914246
-0.395430502
-0.184852062
0.155744798
0.809417521
-0.459670224
-0.183529805
0.835208321
-1.277981414
-0.402674427
0.631161879
-0.04814732
-0.155654021
-0.274781935
-1.134498645
-1.119171604
-0.496784089
0.181733212
-1.24192481
0.280814047
-0.176465484
-0.482834574
1.032425414
-0.080402284
-0.679735909
-0.856935304
-1.024391193
-0.321808348
0.10883198
0.80474336
-1.333913199
-0.605547723
0.365187862
-0.297886857
-0.68872916
-0.62716364
0.19067345
-0.583083851
0.552013667
-1.012900755
-0.210410895
0.664902119
0.395556975
-0.048141855
0.785928785
0.863118458
-0.025199426
-0.815304418
-1.42803469
0.133207298
-0.520743148
0.103367258
-1.138876747
-0.514403227
0.965084259
0.928320744
-0.059212171
0.74231762
-0.408101749
-0.129838488
-0.502097692
0.238212955
-0.816286577
0.732358291
0.018776977
-0.787395452
0.244089239
0.998049825
-0.852188505
0.865008311
-0.816215493
1.392082484
0.494980353
-0.613660987
-1.163335833
1.291737816
1.364355447
0.215853155
-0.292962963
0.724444307
0.924024468
1.057216399
0.51848614
-0.32819387
0.197830775
-0.51739145
0.743469991
0.91996091
-0.495979002
-0.474009771
-0.007699199
-1.28427657
-0.781000135
0.07883344
-1.202239871
0.428035145
-1.214151666
0.922217942
-0.143706254
-1.099503504
0.937875184
0.300965689
0.176445623
0.533014986
0.724813132
-1.354643462
0.126629445
1.058729293
0.079714439
0.637190939
-1.051222121
-1.38776835
1.131700409
-0.800104946
0.9424072
1.339919191
0.174615926
1.325188953
-1.375644479
-0.938189277
0.956639599
0.77845005
-0.373769649
1.227354278
-1.174705508
-0.422008489
0.285947489
0.663789071
1.156141471
-0.74486496
-1.269150267
-1.030386015
-0.053543971
0.223244741
-0.225057293
-1.278587406
0.979991642
-0.852891167
0.779832748
-0.666692976
-0.393119608
-0.721181479
-1.062642117
-0.268994213
0.970950944
-0.121721176
-0.730585695
0.521254338
0.543136367
-0.33393905
-1.07888344
0.393502711
-0.894542705
0.872488823
0.961377611
0.582240069
-0.342877844
0.170816602
0.543848004
1.325207413
-0.263976971
0.157515636
-1.263008257
1.090008724
-1.037054629
0.911758646
0.994779448
-0.868553465
0.308277351
-0.887513215
1.475208769
0.87695055
-1.333710708
-0.047208661
-1.045786642
0.177243001
-0.012652211
0.359284518
0.369368586
1.063639824
-0.258957493
1.109177536
0.775795905
-0.465532657
0.015673138
0.290743646
0.48827818
-0.054730538
0.652572345
-0.85153448
0.244485119
-1.072444444
-0.453524898
-0.856383366
1.26860375
1.181681111
0.4216188
-0.340903553
-0.43317419
-0.354878532
-1.376009308
-0.768018133
-0.056666903
1.404131053
1.078588417
-0.879243284
0.826094835
-0.355970733
-0.10201738
1.234317329
1.281783733
-1.001173121
-1.200341308
1.232222432
1.027606633
1.198364492
-0.712514152
-0.76829449
-0.542318062
-0.214894125
1.488387852
0.0234398
1.145845734
0.786176484
-0.273180081
-0.368513543
-0.154513946
1.163279984
-0.041134618
1.163795863
1.381261468
0.024472799
-0.249083302
-0.924567178
-0.410862619
-0.038643989
-0.305315979
0.937957325
0.431207743
-1.270550539
1.184532901
0.859671236
-0.502545565
-1.008193878
0.885418814
-0.691714368
1.434418617
0.11064375
-0.004935841
0.631793653
-1.037298158
-0.603106408
-0.935866678
-0.126183563
-1.377169797