0.2555527985095978
1.1478567123413086
-0.030391454696655273
0.6240231990814209
-0.6769611835479736
0.3446219861507416
0.10135632008314133
0.9889683723449707
-0.17625835537910461
-1.2329113483428955
-0.6257962584495544
1.4422563314437866
0.5802088975906372
0.9626559615135193
-0.6012649536132812
-0.5489266514778137
-0.3645065128803253
0.2604230046272278
1.4765956401824951
-0.053296443074941635
-0.5026249289512634
1.1380796432495117
1.4916621446609497
0.696677565574646
-1.2101984024047852
0.6096007823944092
0.38682371377944946
-0.8082557916641235
0.40847817063331604
-0.12548968195915222
-0.0010714579839259386
-0.9174765944480896
-1.1558083295822144
0.516503095626831
0.5681314468383789
-0.7170742154121399
0.6000084280967712
-0.679990291595459
0.15736760199069977
-0.23278391361236572
-0.422238826751709
1.047065258026123
0.8064156174659729
1.294993281364441
0.9320264458656311
-1.4078984260559082
1.2689697742462158
0.39732763171195984
-0.9163392186164856
-1.0099818706512451
0.889997124671936
-1.3853764533996582
1.314753770828247
-1.4903053045272827
0.42714959383010864
-0.12702634930610657
0.7166494131088257
-0.034974604845047
0.2782760560512543
0.5711596012115479
-0.8921512365341187
-0.9225173592567444
1.2428827285766602
-1.0825188159942627
0.718149721622467
0.4725886285305023
-0.45080268383026123
-0.4584508538246155
1.4350121021270752
-1.3895779848098755
0.5165616273880005
-0.5580793619155884
-1.3510795831680298
0.6579842567443848
-0.8291706442832947
-0.4929017424583435
-1.4010329246520996
1.3048816919326782
-0.3729633092880249
1.2243582010269165
1.4676177501678467
0.19395996630191803
-1.417480707168579
-0.09983070939779282
-0.8540497422218323
-0.4380147159099579
1.048501968383789
0.821643590927124
-1.010293960571289
-1.0729756355285645
0.9288621544837952
0.08696477860212326
-0.1188058853149414
0.5220467448234558
1.4068526029586792
0.5557820200920105
1.0386401414871216
0.17079143226146698
-0.1313636302947998
-0.9856553077697754
-0.8570770621299744
1.2828487157821655
0.5667735934257507
0.5162574648857117
0.38446372747421265
0.3143021762371063
0.002669715089723468
-0.559971272945404
0.7436763048171997
0.29779618978500366
-0.6555198431015015
0.10659142583608627
-0.8808383941650391
-0.3261893093585968
-0.8933096528053284
-0.7971941232681274
-1.1293797492980957
-0.6305794715881348
-0.06246475130319595
-0.019996177405118942
0.4589001536369324
-1.0409194231033325
-0.23570701479911804
-1.104743480682373
0.6289075016975403
-0.23642191290855408
0.14983996748924255
0.94949871301651
-1.2298494577407837
-1.3628451824188232
-1.1875368356704712
-1.3064883947372437
-1.2326610088348389
0.10596386343240738
1.3675575256347656
0.26566004753112793
-0.06886989623308182
-1.2373965978622437
1.346938967704773
1.0006197690963745
0.4047965407371521
-0.8747997283935547
-0.3998665511608124
0.9726415276527405
0.6563332676887512
-0.03234715387225151
-0.8264652490615845
-0.15365329384803772
-1.3511607646942139
-0.6483043432235718
-0.8149780631065369
-0.5031264424324036
0.06498873978853226
-0.2448197901248932
-0.8895940780639648
-1.2586625814437866
-1.1363348960876465
0.31733158230781555
0.9350983500480652
-1.2952120304107666
0.8464388251304626
-1.2604351043701172
0.28633618354797363
-1.1489155292510986
-0.7124892473220825
-0.5837975740432739
-0.18035824596881866
-0.5810217261314392
0.05377885699272156
-1.0793819427490234
-0.6069979667663574
0.15548963844776154
-0.39259928464889526
0.02877233922481537
-0.7218449115753174
-0.6690369844436646
-0.19336310029029846
-0.38123682141304016
-1.1630092859268188
-0.4965977668762207
0.16762058436870575
-1.3127458095550537
-0.2948325574398041
-0.07746463268995285
-0.8240917325019836
-1.2303944826126099
0.011842229403555393
-1.1927013397216797
-0.5066277384757996
-1.3234622478485107
0.9736055135726929
0.35823938250541687
0.8506214022636414
1.2832585573196411
-1.101241111755371
0.85183185338974
-0.7012510299682617
1.0301024913787842
-1.4534589052200317
-0.41788217425346375
-0.37738940119743347
-0.2973276972770691
-1.0830081701278687
1.3039427995681763
-0.5517642498016357
-0.28385129570961
-0.5850182771682739
0.9211275577545166
0.5644180178642273
0.3005020022392273
1.4335898160934448
1.0317938327789307
1.24351167678833
0.7901594638824463
0.8621697425842285
-1.3669909238815308
-0.47970131039619446
0.34366172552108765
0.7843217253684998
0.9725571274757385
0.9010688066482544
-0.32562196254730225
1.4741549491882324
-1.010333776473999
0.753494381904602
-0.21166102588176727
-1.3846063613891602
-0.40596437454223633
-1.322766900062561
-0.7705954909324646
-0.2688111960887909
1.3290973901748657
-1.3774242401123047
-1.1558687686920166
1.4912842512130737
-0.8643844127655029
1.0199528932571411
-0.9217801690101624
-0.6677188873291016
0.007224032189697027
-0.8726375102996826
-0.45516708493232727
0.6428396701812744
0.5561985373497009
-0.6549846529960632
0.8584573268890381
-0.73210209608078
1.2240259647369385
1.5039995908737183
-0.47284355759620667
0.46052616834640503
0.39803868532180786
-0.9583432674407959
0.002752739004790783
0.2739154100418091
0.7595341205596924
0.6828067302703857
0.2820778787136078
1.0803645849227905
0.07041632384061813
0.010668939910829067
0.0018093249527737498
-0.3064649701118469
0.8116533160209656
-0.4961845576763153
1.167863130569458
-1.340281367301941
-1.0028249025344849
1.2880085706710815
0.8733481168746948
0.9621065258979797
0.9329441785812378
-0.005082373972982168
-3.0235601116146427E-6
0.950057327747345
0.10751567780971527
-0.2181951105594635
-1.4143431186676025
-1.14142906665802
0.8661743402481079
-1.8275350332260132
-1.6357111930847168
0.716005265712738
0.7288525700569153
-1.775598168373108
-0.1701202690601349
0.9167819619178772
0.5850022435188293
0.337279736995697
1.0184054374694824
0.362047016620636
1.1016846895217896
-0.030296826735138893
0.7615683078765869
-0.2824709713459015
0.4465090036392212
-0.003392457962036133
0.9045218229293823
-1.6451483964920044
0.4400220215320587
-1.4528487920761108
-2.286379814147949
-2.0822439193725586
-0.33737778663635254
-2.3217992782592773
-1.3307676315307617
0.5668839812278748
0.8229652047157288
-0.7270114421844482
-0.7392075657844543
0.7986981272697449
1.6811823844909668
-0.444429874420166
0.02098115347325802
1.3235054016113281
-0.28577178716659546
-0.7088817358016968
-0.38632428646087646
-0.5608992576599121
-0.8310998678207397
-1.9993538856506348
0.46121031045913696
-1.261078953742981
-0.4172186255455017
-1.7053767442703247
-0.6272357702255249
0.8028358221054077
-1.525187611579895
0.5924070477485657
-0.6001058220863342
-0.9161384701728821
0.553642213344574
-0.25170841813087463
1.6974914073944092
-0.4444282054901123
-0.3812290132045746
-0.44853726029396057
-1.348039150238037
0.7030424475669861
1.3399107456207275
0.7139769792556763
-1.156952977180481
0.049338314682245255
0.6143918037414551
0.5521741509437561
-0.063213050365448
0.48315688967704773
-0.5234197378158569
0.22094665467739105
-0.4884437620639801
-0.07509435713291168
0.8036668300628662
0.9248576164245605
-0.19779634475708008
-1.0479114055633545
1.185217261314392
-0.10377942770719528
-0.04687603563070297
-0.17838557064533234
1.3379080295562744
-1.2015883922576904
-0.7302687764167786
-0.4565138518810272
0.3333241939544678
1.3960773944854736
0.8251756429672241
-0.9928577542304993
-0.7894782423973083
1.2276854515075684
-0.44894981384277344
-1.417020559310913
-0.15739521384239197
0.5188976526260376
1.4283034801483154
-1.4356223344802856
0.9768961071968079
-0.5629010200500488
0.9811777472496033
1.293012261390686
-0.5796710848808289
-1.1786611080169678
0.1134631484746933
1.3260571956634521
-1.2131288051605225
-1.2335675954818726
-1.1334489583969116
-0.7679333686828613
-0.1378803253173828
0.20114824175834656
-0.8773337006568909
0.6535205841064453
0.026138564571738243
-0.16581422090530396
0.10529051721096039
1.480459451675415
1.4957314729690552
0.7171347141265869
-0.5467760562896729
0.49406105279922485
-1.254723310470581
1.2541528940200806
0.420216828584671
1.3698171377182007
0.8145885467529297
0.4478153586387634
0.7877681851387024
0.4183497428894043
1.238515853881836
0.8288259506225586
0.721749484539032
1.1743011474609375
0.8117071986198425
-1.0012483596801758
0.6465117931365967
0.5267165303230286
-1.1706299781799316
-0.6168636083602905
-0.8224285244941711
0.8425080180168152
0.09608406573534012
0.6690992712974548
-1.3587391376495361
-1.366356372833252
-0.6837916374206543
0.9167234301567078
-0.9666978716850281
-0.7548186779022217
0.7777131795883179
1.3909552097320557
1.2523223161697388
-0.25380295515060425
-0.434553325176239
-0.05422103777527809
0.06911034137010574
0.3599250018596649
-0.5090320110321045
-0.8902234435081482
-1.2081047296524048
0.6023656129837036
-1.005987524986267
-1.3859808444976807
-0.062270067632198334
-0.993449330329895
-1.205959439277649
0.3927045464515686
-0.6213647723197937
-0.15274041891098022
-0.9209854602813721
-0.633591890335083
0.8731462359428406
-0.8474125862121582
0.8766914010047913
0.5155386328697205
-0.23225216567516327
-1.1651252508163452
-0.4115757942199707
1.2415672540664673
-1.0562496185302734
-1.4160932302474976
-0.5334004163742065
0.3390935957431793
-0.6158707141876221
1.0844216346740723
0.13207779824733734
1.1740225553512573
-0.22586046159267426
0.608659565448761
0.02978481724858284
0.6637886762619019
0.4555293619632721
0.3688252568244934
0.8924385905265808
-1.3162875175476074
-0.7755963206291199
1.3707256317138672
-0.6644766330718994
-0.8191527724266052
-0.3851489722728729
-1.43247389793396
-0.48865219950675964
1.3877769708633423
-0.06661544740200043
-1.3094806671142578
0.7896333932876587
1.1731666326522827
0.6271460652351379
-1.2707518339157104
-0.9814220070838928
0.5353942513465881
-0.977854311466217
-0.2761276662349701
1.1631633043289185
0.5008090734481812
0.41432633996009827
-1.3047246932983398
1.0495460033416748
0.8004087209701538
-0.9574275016784668
-0.8831893801689148
0.6826581954956055
0.5339261293411255
-0.40131282806396484
1.2554575204849243
0.14082364737987518
0.9625990986824036
-1.1138263940811157
-0.47864198684692383
-0.20233650505542755
0.7021857500076294
0.9260115623474121
-0.06334520131349564
-1.1916913986206055
-1.0381873846054077
-1.0636301040649414
-1.21176016330719
-1.3052012920379639
-0.7457423210144043
-0.22226320207118988
0.2484026700258255
-0.7975934743881226
1.014417052268982
0.11460459977388382
0.7854447960853577
1.485169768333435
-0.40575945377349854
1.3923267126083374
-1.0327938795089722
0.988373339176178
-1.0088165998458862
-0.058139655739068985
1.1800172328948975
-1.091167688369751
-1.1270853281021118
0.475856214761734
-0.2909581959247589
0.3305923044681549
-1.3150913715362549
0.19331179559230804
0.8584226965904236
-0.31020471453666687
-0.4198301136493683
-0.6383734345436096
0.40188688039779663
1.067068338394165
0.1344681680202484
0.9298622608184814
0.6348104476928711
-0.48551130294799805
-0.23784475028514862
-0.36406612396240234
1.3016040325164795
1.0919760465621948
-0.5362152457237244
-1.0702871084213257
1.213570475578308
0.5339980125427246
-1.401179313659668
-0.8937389850616455
-0.32034823298454285
-1.4794806241989136
-0.38380688428878784
-1.3899319171905518
1.0360348224639893
-0.42864879965782166
-1.327122449874878
1.348720669746399
1.1486730575561523
0.255461186170578
0.08176031708717346
-1.2738815546035767
0.6751260757446289
0.8981967568397522
0.29268479347229004
0.04917972534894943
-0.7507839798927307
-0.1021711602807045
-0.6850974559783936
0.6105877757072449
0.4788458049297333
0.8285601735115051
0.5004462599754333
-0.7961109280586243
-0.8610427975654602
-1.1105728149414062
-1.0541290044784546
-0.7367728352546692
-0.5476868152618408
-0.38632264733314514
1.41724693775177
0.6242959499359131
-0.6867284178733826
-1.0514004230499268
-0.6365639567375183
0.10140133649110794
-0.9695220589637756
-1.0571566820144653
1.2888753414154053
0.8747224807739258
0.679924488067627
0.0015626259846612811
1.4291787147521973
1.0061408281326294
-0.015511010773479939
0.07787313312292099
-0.4253365099430084
-1.2794623374938965
1.3559703826904297
0.5405283570289612
1.1624338626861572
-1.258649230003357
-0.45978185534477234
-1.2911739349365234
-1.4056631326675415
1.2337180376052856
1.0059998035430908
-1.1391080617904663
0.06698863953351974
0.1589663177728653
0.7594674825668335
-1.1535048484802246
1.3169459104537964
1.4145548343658447
-0.7834372520446777
0.8349758386611938
-0.18576397001743317
0.2615143656730652
-0.23256753385066986
0.045371029525995255
0.5534027218818665
1.383840560913086
-0.9439095854759216
0.26022571325302124
-1.044567346572876
-1.4553241729736328
-0.3151110112667084
0.6136102676391602
-0.8399982452392578
1.2680870294570923
-1.1886976957321167
0.035753034055233
0.6672277450561523
0.06714225560426712
-0.13404251635074615
-1.2973026037216187
0.3879812955856323
-0.2603273093700409
-0.07242083549499512
-0.791401207447052
-1.0139120817184448
1.1252368688583374
0.8898109197616577
0.4071158468723297
0.8191095590591431
-0.44728606939315796
-1.2668161392211914
0.39397192001342773
-1.1985877752304077
-0.7029980421066284
-0.6492811441421509
-0.615557074546814
0.06436710059642792
1.310405969619751
-0.9277678728103638
-0.17740850150585175
1.3933507204055786
0.44036728143692017
-0.4977996051311493
-0.9401803016662598
0.7997864484786987
0.7836268544197083
-1.3115314245224
-0.5244578123092651
0.3085637092590332
0.8852053284645081
-0.4452522099018097
1.2561858892440796
1.364485263824463
0.8288829922676086
0.7397724390029907
0.17756490409374237
-0.6660312414169312
0.3024856746196747
1.213123083114624
-1.4892607927322388
-1.2281252145767212
-1.4052627086639404
0.5503039360046387
0.24392069876194
0.003007123013958335
1.2002617120742798
-0.07018998265266418
-0.06397724151611328
0.8403821587562561
0.4739307761192322
0.5820232033729553
0.1771634817123413
1.3956825733184814
-0.9468213319778442
0.8638224601745605
0.206870436668396
1.1292550563812256
0.6559244990348816
0.19408348202705383
0.11153777688741684
0.008711885660886765
0.12727275490760803
1.4325578212738037
-0.7125141024589539
1.1164555549621582
1.2535161972045898
1.089713454246521
-1.4805046319961548
-0.3082841634750366
0.8607650995254517
-0.11786994338035583
-0.27841171622276306
0.8538374304771423
0.7880074977874756
-1.1138497591018677
0.667293906211853
0.5149126648902893
-0.41640493273735046
0.873674750328064
1.4922534227371216
0.15736621618270874
1.2115938663482666
-1.460925579071045
0.7097152471542358
-0.39652082324028015
-0.37554931640625
0.6267711520195007
0.018826916813850403
-1.1026644706726074
1.1123045682907104
-0.7477801442146301
0.5358948707580566
0.2783772349357605
0.9465236663818359
0.5012469291687012
-0.35014578700065613
-1.0498992204666138
0.8279415965080261
0.2567334473133087
0.8978139758110046
0.9311754107475281
-1.2555609941482544
1.220228672027588
-0.611528217792511
-1.1587048768997192
0.972786009311676
-0.3782914876937866
-1.0039781332015991
-1.0629838705062866
-0.4741353392601013
1.1986026763916016
1.0066684484481812
1.0481281280517578
0.6554932594299316
-0.6336775422096252
0.7542762756347656
-1.2705988883972168
0.8426046371459961
1.3411604166030884
-1.3715277910232544
1.1630311012268066
-1.4880746603012085
0.5239629745483398
0.44366559386253357
-0.5941898822784424
0.640914261341095
-0.3954305052757263
-0.18485206365585327
0.1557447910308838
0.8094175457954407
-0.45967021584510803
-0.1835298091173172
0.8352082967758179
-1.2779814004898071
-0.40267443656921387
0.6311618685722351
-0.04814732074737549
-0.15565402805805206
-0.2747819423675537
-1.1344985961914062
-1.1191716194152832
-0.4967840909957886
0.18173320591449738
-1.24192476272583
0.2808140516281128
-0.1764654815196991
-0.4828345775604248
1.0324254035949707
-0.08040228486061096
-0.6797358989715576
-0.8569353222846985
-1.0243911743164062
-0.3218083381652832
0.1088319793343544
0.8047433495521545
-1.3339132070541382
-0.6055477261543274
0.3651878535747528
-0.29788684844970703
-0.6887291669845581
-0.6271636486053467
0.19067345559597015
-0.5830838680267334
0.5520136952400208
-1.012900710105896
-0.21041089296340942
0.6649020910263062
0.3955569863319397
-0.048141855746507645
0.7859287858009338
0.8631184697151184
-0.02519942633807659
-0.8153043985366821
-1.4280346632003784
0.1332072913646698
-0.5207431316375732
0.10336726158857346
-1.1388767957687378
-0.514403223991394
0.9650842547416687
0.9283207654953003
-0.05921217054128647
0.7423176169395447
-0.40810173749923706
-0.1298384815454483
-0.5020976662635803
0.2382129579782486
-0.816286563873291
0.7323582768440247
0.01877697743475437
-0.7873954772949219
0.2440892457962036
0.998049795627594
-0.8521885275840759
0.8650082945823669
-0.8162155151367188
1.3920824527740479
0.4949803650379181
-0.613660991191864
-1.1633358001708984
1.2917377948760986
1.364355444908142
0.21585315465927124
-0.2929629683494568
0.7244443297386169
0.9240244626998901
1.0572164058685303
0.5184861421585083
-0.32819387316703796
0.19783078134059906
-0.5173914432525635
0.7434700131416321
0.9199609160423279
-0.4959790110588074
-0.47400978207588196
-0.007699199020862579
-1.2842766046524048
-0.7810001373291016
0.0788334384560585
-1.2022398710250854
0.4280351400375366
-1.2141516208648682
0.9222179651260376
-0.14370624721050262
-1.099503517150879
0.9378752112388611
0.30096569657325745
0.1764456182718277
0.5330150127410889
0.7248131036758423
-1.35464346408844
0.12662944197654724
1.0587292909622192
0.07971443980932236
0.6371909379959106
-1.0512220859527588
-1.3877683877944946
1.1317003965377808
-0.8001049757003784
0.9424071907997131
1.3399192094802856
0.17461591958999634
1.3251889944076538
-1.3756444454193115
-0.9381892681121826
0.9566395878791809
0.778450071811676
-0.3737696409225464
1.2273542881011963
-1.1747055053710938
-0.4220084846019745
0.2859475016593933
0.6637890934944153
1.1561415195465088
-0.7448649406433105
-1.2691502571105957
-1.030385971069336
-0.05354396998882294
0.22324474155902863
-0.22505728900432587
-1.2785874605178833
0.979991614818573
-0.8528911471366882
0.7798327207565308
-0.6666929721832275
-0.39311960339546204
-0.7211814522743225
-1.0626420974731445
-0.26899421215057373
0.9709509611129761
-0.12172117829322815
-0.7305856943130493
0.5212543606758118
0.5431363582611084
-0.3339390456676483
-1.078883409500122
0.39350271224975586
-0.8945426940917969
0.872488796710968
0.9613776206970215
0.5822400450706482
-0.3428778350353241
0.1708166003227234
0.5438479781150818
1.3252074718475342
-0.26397696137428284
0.15751563012599945
-1.2630082368850708
1.0900087356567383
-1.0370546579360962
0.9117586612701416
0.9947794675827026
-0.8685534596443176
0.30827733874320984
-0.8875132203102112
1.4752087593078613
0.8769505620002747
-1.3337106704711914
-0.04720865935087204
-1.0457866191864014
0.17724299430847168
-0.012652210891246796
0.35928452014923096
0.3693685829639435
1.0636398792266846
-0.25895750522613525
1.109177589416504
0.7757958769798279
-0.46553266048431396
0.015673138201236725
0.2907436490058899
0.48827818036079407
-0.05473053827881813
0.6525723338127136
-0.8515344858169556
0.24448512494564056
-1.0724444389343262
-0.4535248875617981
-0.8563833832740784
1.268603801727295
1.1816811561584473
0.421618789434433
-0.34090355038642883
-0.433174192905426
-0.3548785448074341
-1.3760093450546265
-0.7680181264877319
-0.05666690319776535
1.4041310548782349
1.0785883665084839
-0.8792432546615601
0.8260948061943054
-0.35597074031829834
-0.10201738029718399
1.2343173027038574
1.2817836999893188
-1.0011731386184692
-1.2003413438796997
1.2322224378585815
1.0276066064834595
1.198364496231079
-0.7125141620635986
-0.7682945132255554
-0.5423180460929871
-0.2148941308259964
1.4883878231048584
0.0234398003667593
1.1458457708358765
0.7861765027046204
-0.2731800675392151
-0.3685135543346405
-0.15451394021511078
1.1632800102233887
-0.04113461822271347
1.163795828819275
1.3812614679336548
0.02447279915213585
-0.24908329546451569
-0.9245671629905701
-0.41086262464523315
-0.03864398971199989
-0.3053159713745117
0.9379573464393616
0.4312077462673187
-1.2705504894256592
1.184532880783081
0.8596712350845337
-0.5025455355644226
-1.008193850517273
0.8854188323020935
-0.691714346408844
1.4344185590744019
0.11064375191926956
-0.004935841076076031
0.6317936778068542
-1.0372982025146484
-0.6031063795089722
-0.93586665391922
-0.12618356943130493
-1.3771698474884033
-709.6615064164098
-2.28857865750462
-3.579695115366793
-4.449243878461592
-4.823498719709664
-4.686859769458211
-4.070089831358072
-3.0560843208190795
-1.760769967157835
-0.3332669594976876
1.0728677842763754
2.3209302397118683
3.301093489246237
3.9220963530082122
4.135060088151974
3.924055120669366
3.3293479589133876
2.417198095308653
1.2908137363605094
0.06375119875901625
-1.1514729829525978
-2.244279426989407
-3.1093240078401845
-3.671448784424866
-3.8861875267478285
-3.745564370069357
-3.251891474277469
-2.449186679492571
-1.41257840883291
-0.22435163019736182
1.0086555033100004
2.1789051622965356
3.1760553260919897
3.903309399897366
4.291642277580562
4.29237015754696
3.882223722101225
3.0846429954279415
1.9539336640385063
0.5848284358710794
-0.9045000360161854
-2.373683836805192
-3.668254441691735
-4.654080079156801
-5.211565302416707
-5.264955703670296
-4.788681226614893
-3.7954085638259283
-2.3655473400552847
-0.632604746529931
1.2344796075398898
3.0581279470481237
4.628994816084409
5.784389924806827
6.367053884368348
6.305682061053161
5.578861587984484
4.244798954308027
2.422855225566032
0.29845574208508496
-1.9120761396924628
-3.976375424785546
-5.668731327670565
-6.789067795673868
-7.220455412845753
-6.8986861131952395
-5.8509013298243655
-4.189730740448988
-2.0893378281999624
0.23290882688668746
2.516099880575981
4.523001045486929
6.040192974038195
6.90779233599422
7.050706081384398
6.4597115762413235
5.2159041002351
3.46552558246366
1.4263326499367242
-0.6840417699218515
-2.6231074198596565
-4.18989997426941
-5.235087321018042
-5.672739893608449
-5.482352010350553
-4.722831538620709
-3.5141073771800437
-2.018830685855408
-0.43776311307144533
1.031325182919751
2.2218402002714512
3.0126293074796706
3.337965567389033
3.191356900273988
2.639505893121557
1.7981913388165356
0.8083854685181184
-0.1658204075600067
-0.9764545633988093
-1.504047552718868
-1.67625860694963
-1.468536287944259
-0.9136805515694375
-0.10434682675139739
0.8235918898243362
1.7134702782832065
2.415141612486164
2.7949862591745545
2.760837138714727
2.2873547283211426
1.3985488812047975
0.17799247276962227
-1.2331155922849444
-2.666708133986046
-3.9335019303220307
-4.863093786134961
-5.3120527421352435
-5.192501607795966
-4.478738224835544
-3.2143914548757553
-1.516830645961012
0.4488050311489342
2.465430398461435
4.322189246411585
5.81023546894145
6.7627385941206715
7.06074773757291
6.6596969566572
5.591002321483584
3.9476404406471475
1.8937046729754172
-0.3650452092200891
-2.6006864921758557
-4.589809711606886
-6.129704035667125
-7.068723118637505
-7.33490060537118
-6.912416323945262
-5.860143954161018
-4.287327049568427
-2.363820825204429
-0.2819780034904913
1.7493944625170492
3.542021654746633
4.9436850466396605
5.8395718765105595
6.165641373776039
5.918307764175162
5.151844509272194
3.962663314867367
2.4859921559488756
0.8758877980068065
-0.7114083451902602
-2.1279224399015964
-3.2585252240245164
-4.014363441983115
-4.3542070813592755
-4.269422172433634
-3.786841960789521
-2.9734804994548774
-1.940071060157497
-0.7863764527513224
0.3592661898284044
1.3877661042165363
2.1930536320754728
2.7061736391339997
2.8858546489323498
2.7226713739262656
2.23711599776382
1.4932338447267883
0.5716932891482736
-0.423050037004586
-1.3709521097277937
-2.160588865510291
-2.690767621831312
-2.888822195146216
-2.7118898968797054
-2.1514941655033635
-1.2537441948666483
-0.10036368858582989
1.1927719961457597
2.488413921127709
3.6250810323068166
4.453936519028327
4.852271965132323
4.722160202925924
4.02469662731737
2.7879442320020753
1.0875786305302835
-0.927681905754935
-3.0744373048371356
-5.1170134012146375
-6.827664246046169
-7.989177072477192
-8.422248649752579
-8.027307722015106
-6.764358910054156
-4.698185226999883
-1.965464096494903
1.1919790719596393
4.486304232468471
7.588948501636062
10.169619054491141
11.923024559067358
12.626390749720878
12.128000889161473
10.404672465725557
7.553401639115863
3.7984664053951733
-0.5402853502287973
-5.063484514545336
-9.325128935762777
-12.898454305715886
-15.397008239878119
-16.530288629503353
-16.128056228077476
-14.181551700256412
-10.812805522305553
-6.296033753013219
-1.0302732114893143
4.496676137485527
9.754684566133005
14.22382301942383
17.46581780370233
19.133703322024516
19.04190459980252
17.16764025215843
13.662676713880167
8.846139773925621
3.160331487451261
-2.8605378227908824
-8.638133383459753
-13.622050329364116
-17.348201158387447
-19.465956639656756
-19.771845326295647
-18.25700637724284
-15.069791664931483
-10.538595772736905
-5.109721959840534
0.6982060700501143
6.328482480193976
11.257662208454493
15.04240427356717
17.35379778673898
18.008180197426476
17.002235643611407
14.473387773084937
10.719780418709703
6.138099731459351
1.1810149649330155
-3.670676158366544
-7.970182033188058
-11.347745852867234
-13.526991280771966
-14.368068959478395
-13.858865188000747
-12.126907248876813
-9.404117073543242
-6.0004792017920625
-2.2763695950942227
1.4062841370439334
4.713002002544432
7.3687994073072804
9.182924598149327
10.048892887745582
9.968821000361846
9.01267106496281
7.337588128725818
5.163973918165352
2.7196976817390306
0.2393746708798461
-2.057455157124373
-3.994880456752611
-5.438419469294674
-6.309243662194099
-6.587748528446248
-6.305631767527515
-5.534511828773231
-4.372657189823508
-2.932800323423045
-1.361327036790156
0.2180699916862685
1.6978186263298216
2.9717248511471737
3.945253930442102
4.567348315934763
4.8118193215485645
4.670409904987184
4.160193480760288
3.3272400174624877
2.2328213396959855
0.9658631657484698
-0.378938324558566
-1.6881970299619193
-2.8613730401017508
-3.7912989938359445
-4.393162872916477
-4.605637830431256
-4.410213958322283
-3.8040130768178098
-2.8454194989023853
-1.617968031448379
-0.23312261327013672
1.1857176043781137
2.4902484553053927
3.5491322644686427
4.262402205295098
4.549730814460235
4.370887951299247
3.7443816582087774
2.7459383714990038
1.4879691099436878
0.09688933018627233
-1.265299034102159
-2.43832632864993
-3.2981545551526814
-3.753066751637504
-3.752871595359304
-3.31114927043562
-2.491500185706516
-1.4126055997890667
-0.20594983830080693
0.9580364753751406
1.9290224060796632
2.5703776227844144
2.8003595900991125
2.592286377001452
1.9603602624571985
1.0027992635130905
-0.15290626222317827
-1.3488572126909033
-2.401868142366844
-3.1540576179473034
-3.4720649748238275
-3.2893283952501617
-2.5944584037531815
-1.448353650340861
0.026873468461189542
1.6734788530470677
3.2881107190847367
4.65610131898733
5.578120303623177
5.916195287788479
5.589323226919522
4.584989537178917
2.974840991376196
0.9079199445947062
-1.4153886318821431
-3.744138038872885
-5.8236694617777385
-7.4055881434807755
-8.293451287651761
-8.360905651470443
-7.568132280335478
-5.966665376215987
-3.6884208803990672
-0.9566300642101239
1.9601458234040905
4.759807537901687
7.157109254543244
8.88097060279598
9.746804280154223
9.651201729654248
8.592807934231741
6.6698920931425985
4.065626795789941
1.034361268808339
-2.1112991280650513
-5.039779130970766
-7.456649172156608
-9.115018399069397
-9.83750497181839
-9.549750861330152
-8.283939656262003
-6.191603277649916
-3.483975561621815
-0.4603152300151361
2.5666141866825134
5.277371421028978
7.37856497134066
8.657967522889962
8.993603375885886
8.373889121298435
6.866487342927488
4.654412392780282
1.9912488597344855
-0.8262613482226412
-3.4818094318496655
-5.685571933465725
-7.212229738715044
-7.8997826825752675
-7.69565123508856
-6.639594540111173
-4.86910110375212
-2.5953677722979855
-0.0853963182773072
2.3680603869645274
4.484298819642571
6.033965255946042
6.843950523278901
6.8500425270053436
6.062849652907563
4.592673264037332
2.6226985392040962
0.3904256295410078
-1.8347818854876567
-3.7950889752576598
-5.260292592404319
-6.063145731304403
-6.113515518213967
-5.4140795383978215
-4.056025656811432
-2.209002608551458
-0.08815788456327645
2.0492770070840907
3.9418698010141986
5.361653221521502
6.136447849600749
6.167690383815274
5.437897467917477
4.025943799299567
2.073325593001562
-0.2003470130240712
-2.5308244934940145
-4.641667603554623
-6.287161723148265
-7.264991559955593
-7.437505962669764
-6.757974146018405
-5.277780889815942
-3.1409689253068676
-0.5635053478922155
2.1904974239729205
4.825937771351781
7.056087520294779
8.625054419029732
9.344719991140414
9.115892512837483
7.943557676996055
5.91708202514268
3.22258868550084
0.1248506934344018
-3.076004971000173
-6.060295783842724
-8.523736504705903
-10.220060502706033
-10.96901765969137
-10.689645277551918
-9.398116472872044
-7.207587236254517
-4.329200349052936
-1.0247996509250088
2.38883730776133
5.5898810541163915
8.279290395166672
10.219534037807726
11.244761428639542
11.262412386518907
10.2858846525993
8.422648396738946
5.857690466736245
2.8296475452346916
-0.38454043560971346
-3.5057559084657273
-6.267221027648019
-8.446007313930673
-9.872473548771419
-10.450996556949079
-10.155112935478
-9.04301577382409
-7.2351710503364774
-4.897135421986402
-2.2473456289703506
0.4937639562684446
3.1107345570763574
5.395565403530692
7.176561873326914
8.333025245170127
8.798177741687692
8.56400935732478
7.685009609333495
6.247167071201919
4.381066576389937
2.259329943379689
0.05928115824275393
-2.0488986726785514
-3.906544818427813
-5.3778587399718205
-6.355326740031507
-6.789699485919531
-6.6713350130967175
-6.036941098989257
-4.968715475558706
-3.5872676836583657
-2.031103903218866
-0.4345300769754572
1.060694017277406
2.327866208219665
3.2777410091228716
3.8670135639537526
4.077551380024388
3.931098001918179
3.492501488407488
2.8407607197564393
2.078573224810034
1.292597013540361
0.5754622366606208
-0.0017608891588341002
-0.39626314685683584
-0.5973733032174717
-0.6286631261737535
-0.5445729225406701
-0.4039787104044468
-0.27665437616046473
-0.2277287982678775
-0.30638367992777216
-0.5362256628996027
-0.916220567482708
-1.4085953323190057
-1.958763568033044
-2.482860378174707
-2.896210376345882
-3.1085372402871063
-3.044292173495335
-2.6696866829758554
-1.9678205734853638
-0.9741299984285225
0.2529961143269035
1.6025163363528834
2.9516735765123885
4.171004584345617
5.1135078427393985
5.664173117811016
5.748668141342771
5.323847747286855
4.40340588244444
3.0439353164281315
1.359766881513726
-0.5060522926390941
-2.3880865075344357
-4.113600577738502
-5.519405217163776
-6.469818635137804
-6.870354536245384
-6.683587057311956
-5.92338156386485
-4.657632073043475
-3.0050832655644015
-1.1151323750354685
0.8429366897368682
2.7022325793990634
4.301214125667291
5.495972560133504
6.197126140097636
6.366343774318091
6.00558179850009
5.15684575328263
3.9171373026696927
2.413798655491478
0.7837044857395122
-0.8225045432170405
-2.2734724168329494
-3.4495231016911645
-4.272261735424857
-4.7029041688816156
-4.723715462888448
-4.3685037492274175
-3.6978396751657243
-2.796465206641606
-1.7684130592794458
-0.7023854946675973
0.3099102604708023
1.1848909980372615
1.8624625496461311
2.310749024029385
2.523188678310534
2.5134529455123844
2.3256019027489483
2.0061620186585447
1.6098663089008658
1.192595649787341
0.7939638806876784
0.4568422855401644
0.19822372476089045
0.02480640914795451
-0.0731865930337734
-0.12256575363594946
-0.15687528426174602
-0.2024855039442306
-0.30166867097906214
-0.4789103601699394
-0.7435017876599107
-1.0801617416895466
-1.4568445381089
-1.8325529826071811
-2.149954839518302
-2.33737462566941
-2.3480018899986046
-2.1431622376098125
-1.7091238638231796
-1.0497163857921825
-0.19916239087011633
0.7697847332596632
1.7756106524351496
2.7210354001544057
3.4984199583958118
4.028933545071956
4.236548976380851
4.080897146222858
3.544936530824486
2.6628412999962414
1.5015360583840707
0.1619740319009576
-1.2230765273014628
-2.5238828127366464
-3.6299676812976704
-4.425864205184612
-4.8392614882744756
-4.833643568349831
-4.415644975495615
-3.623684320487884
-2.5320178648692573
-1.2576549707545848
0.08847334856024014
1.385088144006539
2.5234546792877737
3.4152944386059687
4.001698967223813
4.25499477202318
4.176969575387464
3.7874253280389696
3.1430270492988384
2.300559834829325
1.3361390123557904
0.328547258813205
-0.6524821037880648
-1.553697240942428
-2.3176885139981063
-2.9188119046162506
-3.322576501952105
-3.5083700364502515
-3.4709050677932876
-3.212693774243897
-2.743732422685841
-2.0777351143672282
-1.2488402433226597
-0.2994617402341335
0.7060217810892531
1.6984869718747095
2.6098631380982584
3.357050715661772
3.8618881419688584
4.062349846771454
3.9121720395456565
3.3956107409796887
2.548726787176827
1.424562929669837
0.11740403775384234
-1.252469227556916
-2.5501558657810373
-3.637497875746754
-4.39149205014296
-4.729122655122431
-4.598425157407061
-3.987995715906376
-2.9532513711603925
-1.597683408269585
-0.05922803306132751
1.509648143320924
2.9377377043061412
4.058042539928557
4.749674764056228
4.937043278170115
4.599929562736289
3.764643208459566
2.5316454791975147
1.0363403197668903
-0.5536560811193139
-2.0593717905530666
-3.3160847591646325
-4.187862705344019
-4.5743093359839175
-4.437661242653127
-3.812874024972989
-2.780177480078319
-1.4673812063389098
-0.02788168183676909
1.366561959964367
2.548782238319374
3.390063683951448
3.7972098049159704
3.7357576119793685
3.2313560644398556
2.3639857455733804
1.2511524445841329
0.042858859502719504
-1.1044745361821557
-2.057520830990255
-2.692755324034733
-2.940852964637177
-2.78366608440051
-2.260022007938667
-1.4526540122138891
-0.4773560243091026
0.5278497469351482
1.425804376059411
2.100361619019644
2.453827120084839
2.4520235839204405
2.098289370724259
1.4456695582702934
0.5748562279909715
-0.38733868909379776
-1.300317963607613
-2.041234157182621
-2.507851826529466
-2.6255337571921853
-2.373928371443067
-1.7906312648685052
-0.9366955278200355
0.07440900539101014
1.1115349216020374
2.040051518435079
2.7381845014395108
3.106203573998621
3.089925855841763
2.6720359296451424
1.9070413897168006
0.8780270891277899
-0.2932549100486832
-1.4559146434182622
-2.4705576585802227
-3.2158726185073414
-3.5841501186114346
-3.5338895280944467
-3.0553635679199758
-2.1975473032522945
-1.058901042089314
0.23149635650243372
1.5178096376490382
2.6450607178701624
3.489576388161839
3.9419018106155965
3.950524842617577
3.508521532654002
2.648678847431274
1.4741919308665512
0.10887116741965208
-1.3009060176827028
-2.584141717593158
-3.603041397271613
-4.2443161356042385
-4.432447545792115
-4.1406066493144795
-3.385692250784709
-2.2444738818794345
-0.8341532781593681
0.6961330554455163
2.1816488168458728
3.473947215349533
4.432192091131502
4.959239981292939
5.000437130953887
4.5296707308368145
3.6002325880632418
2.285336855713994
0.7180630075564345
-0.952463859145416
-2.570903656121354
-3.978031280881593
-5.039496561636003
-5.645638892491745
-5.731804203781133
-5.2794992999866786
-4.3267194595144876
-2.949828070371206
-1.2682825394314872
0.5612603380843426
2.3741909524173086
4.006202613664962
5.299661026824534
6.130848619865319
6.414780973589741
6.113792377844822
5.245938862064266
3.889573496761013
2.165105773289902
0.2256875013723154
-1.749074287177446
-3.574255544758482
-5.0831825162442446
-6.129116200865955
-6.614818201436362
-6.498597536900794
-5.787957441506192
-4.554904314250453
-2.9152755932406684
-1.0209437291534043
0.9463838020401287
2.7922959933265608
4.344953298513634
5.465405326020232
6.0503024563830285
6.053155146738927
5.485037154742972
4.42063051095891
2.969880677274414
1.2882577884031166
-0.45883501334747967
-2.096071956533505
-3.464743105418634
-4.443719689007697
-4.953382141447404
-4.961971559304478
-4.487735375129493
-3.605709192610336
-2.422842958346971
-1.0738837802568568
0.30754352307373223
1.5754422363300482
2.6102075965235465
3.31524058717337
3.6413563093396126
3.5829737158954167
3.1665807411653066
2.4537572013861753
1.5392237171709562
0.5256896548407053
-0.47560162453182664
-1.3624560726310941
-2.0408732060426855
-2.458546805419142
-2.577672393318803
-2.40515309181424
-1.9805537987244937
-1.3603210666967767
-0.6156675343541056
0.16112204798311192
0.8883375216458169
1.4821326410577613
1.890650971079308
2.0739727042230536
2.014983847764771
1.725048028875612
1.2514705704941185
0.6431634094782661
-0.036971543069141743
-0.7212275451746263
-1.3348976320239034
-1.81382028138303
-2.109167871717627
-2.192713845053928
-2.060701361133028
-1.718534011228114
-1.2010262679998838
-0.5509107775922542
0.17430654898446418
0.9021525171331208
1.568181232565232
2.112901595109144
2.479551130483138
2.636774847862291
2.5684059573768674
2.270368812714143
1.7759388252751092
1.1132340986409566
0.3448280056643065
-0.4693762010426783
-1.2627314475390985
-1.963259970041472
-2.5114948936634116
-2.8657029932908467
-2.9925843857032817
-2.8800587034307883
-2.547563116595473
-2.011904877078537
-1.313595233360735
-0.5123613901653976
0.32865618285162834
1.1400230199915882
1.8581853513163666
2.438869668300935
2.833775507873984
3.022133120702612
2.996512013699107
2.754755417139481
2.3226636662483213
1.7194684112418797
0.9932962717561289
0.20553309612092208
-0.5912175557112471
-1.3525933545585755
-2.019866206718359
-2.560376896607043
-2.9295755678322304
-3.0958525626651188
-3.041305756772351
-2.761744822264761
-2.2800805146540806
-1.6213052420313137
-0.8211344659902817
0.0696817262470768
0.9863080380907174
1.8546132494632945
2.601207283590777
3.1641294989689714
3.4757016633913262
3.504785342976163
3.2245863028555646
2.64708026022038
1.8088133638579071
0.7764743925726134
-0.3550290182223961
-1.4787826876912846
-2.4915885442213392
-3.2887589062885825
-3.7803264574811366
-3.905017610176137
-3.644679122037872
-3.017841051866565
-2.0727935300075275
-0.9101024426344937
0.3591175824769617
1.598858804939838
2.67150959502189
3.4603097481735494
3.8749844677833476
3.8697236352464257
3.4486469836987244
2.653320068544865
1.5721638109831568
0.32877420274001157
-0.9293225793991362
-2.061628194899143
-2.933295581727923
-3.4457835662356944
-3.5544209655296104
-3.246862686068483
-2.5730118329557894
-1.6132249052504863
-0.491735328063712
0.643293815680424
1.653505873203665
2.4173788852589317
2.848754439857168
2.901097185997071
2.5816087073166267
1.9442847340398988
1.080780851295227
0.11314338512996525
-0.8212654398452424
-1.5946238794673175
-2.103767351023108
-2.2814965981108557
-2.102309897975978
-1.5948096281535626
-0.8328246303294855
0.07010598903086862
0.977968650326317
1.7572390481212041
2.2795882158747363
2.460344851266344
2.258124662517423
1.6884736265636908
0.8121071975810809
-0.2677924027424097
-1.4168117804951708
-2.4796647360696102
-3.300501160160528
-3.7533685916270825
-3.752001232971705
-3.2608394749014797
-2.303543617212992
-0.9734503548044546
0.577877910268008
2.1841959534022006
3.648492303129367
4.791301077109611
5.466129513013003
5.570849277868415
5.057027752453056
3.9516798600630314
2.365036864012531
0.4517836586424093
-1.5895140323610373
-3.548286915142139
-5.20773067407942
-6.3762371159593725
-6.915856456609328
-6.747636283414151
-5.8798546262473215
-4.3884722312422575
-2.420588694343588
-0.18109572994875478
2.1012230417265867
4.191221717161899
5.877909515540608
6.979908978027894
7.3870241268814105
7.058214995084063
6.021466561366645
4.3889516666906925
2.3284571779886005
0.060330634600150645
-2.182636810592319
-4.1715586689963535
-5.702509368603948
-6.632976736797717
-6.883332424806122
-6.43093850564714
-5.340040505472457
-3.742821275641455
-1.815714265605675
0.24235025760798057
2.2069111553546787
3.8888638910733904
5.117184453557756
5.783136667585799
5.835388749064122
5.282605063388553
4.205665486303108
2.7361776713475177
1.044616106945064
