0.17079143226146698
-0.1313636302947998
-0.9856553077697754
-0.8570770621299744
1.2828487157821655
0.5667735934257507
0.5162574648857117
0.38446372747421265
0.3143021762371063
0.002669715089723468
-0.559971272945404
0.7436763048171997
0.29779618978500366
-0.6555198431015015
0.10659142583608627
-0.8808383941650391
-0.3261893093585968
-0.8933096528053284
-0.7971941232681274
-1.1293797492980957
-0.6305794715881348
-0.06246475130319595
-0.019996177405118942
0.4589001536369324
-1.0409194231033325
-0.23570701479911804
-1.104743480682373
0.6289075016975403
-0.23642191290855408
0.14983996748924255
0.94949871301651
-1.2298494577407837
-1.3628451824188232
-1.1875368356704712
-1.3064883947372437
-1.2326610088348389
0.10596386343240738
1.3675575256347656
0.26566004753112793
-0.06886989623308182
-1.2373965978622437
1.346938967704773
1.0006197690963745
0.4047965407371521
-0.8747997283935547
-0.3998665511608124
0.9726415276527405
0.6563332676887512
-0.03234715387225151
-0.8264652490615845
-0.15365329384803772
-1.3511607646942139
-0.6483043432235718
-0.8149780631065369
-0.5031264424324036
0.06498873978853226
-0.2448197901248932
-0.8895940780639648
-1.2586625814437866
-1.1363348960876465
0.31733158230781555
0.9350983500480652
-1.2952120304107666
0.8464388251304626
-1.2604351043701172
0.28633618354797363
-1.1489155292510986
-0.7124892473220825
-0.5837975740432739
-0.18035824596881866
-0.5810217261314392
0.05377885699272156
-1.0793819427490234
-0.6069979667663574
0.15548963844776154
-0.39259928464889526
0.02877233922481537
-0.7218449115753174
-0.6690369844436646
-0.19336310029029846
-0.38123682141304016
-1.1630092859268188
-0.4965977668762207
0.16762058436870575
-1.3127458095550537
-0.2948325574398041
-0.07746463268995285
-0.8240917325019836
-1.2303944826126099
0.011842229403555393
-1.1927013397216797
-0.5066277384757996
-1.3234622478485107
0.9736055135726929
0.35823938250541687
0.8506214022636414
1.2832585573196411
-1.101241111755371
0.85183185338974
-0.7012510299682617
1.0301024913787842
-1.4534589052200317
-0.41788217425346375
-0.37738940119743347
-0.2973276972770691
-1.0830081701278687
1.3039427995681763
-0.5517642498016357
-0.28385129570961
-0.5850182771682739
0.9211275577545166
0.5644180178642273
0.3005020022392273
1.4335898160934448
1.0317938327789307
1.24351167678833
0.7901594638824463
0.8621697425842285
-1.3669909238815308
-0.47970131039619446
0.34366172552108765
0.7843217253684998
0.9725571274757385
0.9010688066482544
-0.32562196254730225
1.4741549491882324
-1.010333776473999
0.753494381904602
-0.21166102588176727
-1.3846063613891602
-0.40596437454223633
-1.322766900062561
-0.7705954909324646
-0.2688111960887909
1.3290973901748657
-1.3774242401123047
-1.1558687686920166
1.4912842512130737
-0.8643844127655029
1.0199528932571411
-0.9217801690101624
-0.6677188873291016
0.007224032189697027
-0.8726375102996826
-0.45516708493232727
0.6428396701812744
0.5561985373497009
-0.6549846529960632
0.8584573268890381
-0.73210209608078
1.2240259647369385
1.5039995908737183
-0.47284355759620667
0.46052616834640503
0.39803868532180786
-0.9583432674407959
0.002752739004790783
0.2739154100418091
0.7595341205596924
0.6828067302703857
0.2820778787136078
1.0803645849227905
0.07041632384061813
0.010668939910829067
0.0018093249527737498
-0.3064649701118469
0.8116533160209656
-0.4961845576763153
1.167863130569458
-1.340281367301941
-1.0028249025344849
1.2880085706710815
0.8733481168746948
0.9621065258979797
0.9329441785812378
-0.005082373972982168
-3.0235601116146427E-6
0.950057327747345
0.10751567780971527
-0.2181951105594635
-1.4143431186676025
-1.14142906665802
0.8661743402481079
-1.8275350332260132
-1.6357111930847168
0.716005265712738
0.7288525700569153
-1.775598168373108
-0.1701202690601349
0.9167819619178772
0.5850022435188293
0.337279736995697
1.0184054374694824
0.362047016620636
1.1016846895217896
-0.030296826735138893
0.7615683078765869
-0.2824709713459015
0.4465090036392212
-0.003392457962036133
0.9045218229293823
-1.6451483964920044
0.4400220215320587
-1.4528487920761108
-2.286379814147949
-2.0822439193725586
-0.33737778663635254
-2.3217992782592773
-1.3307676315307617
0.5668839812278748
0.8229652047157288
-0.7270114421844482
-0.7392075657844543
0.7986981272697449
1.6811823844909668
-0.444429874420166
0.02098115347325802
1.3235054016113281
-0.28577178716659546
-0.7088817358016968
-0.38632428646087646
-0.5608992576599121
-0.8310998678207397
-1.9993538856506348
0.46121031045913696
-1.261078953742981
-0.4172186255455017
-1.7053767442703247
-0.6272357702255249
0.8028358221054077
-1.525187611579895
0.5924070477485657
-0.6001058220863342
-0.9161384701728821
0.553642213344574
-0.25170841813087463
1.6974914073944092
-0.4444282054901123
-0.3812290132045746
-0.44853726029396057
-1.348039150238037
0.7030424475669861
1.3399107456207275
0.7139769792556763
-1.156952977180481
0.049338314682245255
0.6143918037414551
0.5521741509437561
-0.063213050365448
0.48315688967704773
-0.5234197378158569
0.22094665467739105
-0.4884437620639801
-0.07509435713291168
0.8036668300628662
0.9248576164245605
21.080242160258734
0.09799790110550466
0.06777656625660096
0.04734956805380969
0.1788939001145563
0.17208043662931455
0.1308977727606899
0.11442212783418582
0.1879848703759976
0.1856514347858109
0.1269332689079017
0.1365083557234802
0.1545588239049454
0.09762502266087765
0.12912552725243914
0.0740363653623792
0.08214912631745164
0.04123835042904653
-0.038804662198129475
-0.1415164524278468
-0.1815849853945282
-0.17814001793878242
-0.12985705819730542
-0.06405823650288
-0.18024656851029855
-0.22037055574314987
-0.3014205168402468
-0.28919829762079735
-0.31673450722771096
-0.3093759923344693
-0.2339025319944067
-0.3325786917802176
-0.4156108991904773
-0.4422117331705238
-0.5128656334515532
-0.5304567411308879
-0.5088491426450277
-0.39580582141024157
-0.3426631096185839
-0.28963762826098977
-0.31997847647691163
-0.24950833674241035
-0.19847759640305412
-0.20118275392266108
-0.1928767710843876
-0.20108472960700002
-0.09721555350514188
-0.09584427810126855
-0.08564055092749556
-0.13445580525749767
-0.1896133720197159
-0.19567895900022517
-0.15995195600135154
-0.14132397703302724
-0.10115590382042995
-0.03627346406618791
-0.05381266755739744
-0.16667011871302834
-0.242886136443795
-0.2962592967895543
-0.21852301708477634
-0.23911501322185463
-0.3539064078334269
-0.3318242943205982
-0.35110625222761305
-0.31679610888528004
-0.4228738551875837
-0.491314916215821
-0.5188874895951072
-0.486582145963817
-0.5079505029051959
-0.43770355152467644
-0.45925746358566516
-0.44885846781965866
-0.4159276657889501
-0.4388070422352427
-0.42512747366700476
-0.4167399906267507
-0.38725873299100966
-0.3401101708583747
-0.3750386973965628
-0.479943994658408
-0.4400133190652738
-0.47395416915172295
-0.4765697497187821
-0.5056281295111719
-0.4520555708214533
-0.4576356273001733
-0.4899655041837231
-0.4803554713020266
-0.5109393891514452
-0.5389596581728096
-0.5511636752719536
-0.47213356297400755
-0.46199605148569145
-0.3998350780369504
-0.33711087555283786
-0.35608068734730375
-0.2800372974170454
-0.30543164226395714
-0.2348647273446696
-0.24938719969532336
-0.24545142656774402
-0.2727018907311957
-0.22193102576879625
-0.26133977754092486
-0.19226951193202668
-0.178653163492372
-0.1313260299036194
-0.16116900477932308
-0.05547768216004645
-0.0019254430229778685
0.07927286281063681
0.10227202227487295
0.13594968233669896
0.1555941561188653
0.13093929243086733
0.22910970038742157
0.11816859774176348
0.1292460451149106
0.09492409355712772
0.20681295227197838
0.2763347906435508
0.34025755014114234
0.338842925184894
0.4667008670026463
0.3509871158867345
0.41624991445238646
0.4198598178354105
0.37988035891970573
0.313525737870976
0.21916655670645296
0.1656117499981925
0.08049173289848915
0.09535684353592858
-0.03568985856147422
-0.13299120103923046
-0.10153544881278645
-0.07640515426174467
-0.0014224950085836435
-0.06469452154892594
-0.13729644783801043
-0.18556306257741517
-0.2742481941260404
-0.28072554206686406
-0.32229125513762935
-0.24396470938379058
-0.31438859364579697
-0.2608827254767606
-0.22825749560736386
-0.14675800919132004
-0.005419816482969738
0.009467786537477513
0.045934646301949794
-6.18304529896474E-4
0.02033575645065311
0.07826680183253881
0.017398388675934073
0.0985941777418079
0.08173685595908986
0.14192985307247846
0.22933398018934298
0.23249352809111465
0.27665876271134093
0.29950764524065604
0.2520423892537952
0.26481506181481507
0.272755068400151
0.28822538609891096
0.25781641853692483
0.1464739069858519
0.13567433972177098
0.20298390828471669
0.22806287130017228
0.25480807391961
0.3024710575179574
0.30233348004733823
0.33614054640310964
0.30353958682299703
0.2584895340536191
0.1736685581553753
0.06257894762680277
0.10236679358942764
0.010456706103338948
-0.0714192458592891
-0.020295800852874343
-0.024435870507431096
-0.08840643480312191
-0.15530552115487528
-0.04245244223388661
0.03693882392815867
-0.010597545363853322
-0.0033446568223608197
-0.03334756642873088
-0.024910532274335456
-0.0261712311537583
0.011907296931607858
-0.04971911598244125
-0.03276946535475389
-0.022029380118196024
0.09391375896543702
0.06872780229742806
0.047420190198900924
0.06615441997344107
0.03362098690406176
-0.10629132817886663
-0.15960275621541908
-0.1869127762613363
-0.24494517301616747
-0.2624400220425701
-0.2505418145421427
-0.30375632882870207
-0.3916369662254424
-0.3698044032031731
-0.3408294745171423
-0.3615360835766445
-0.3985654402850677
-0.31826667087071137
-0.35488061170179874
-0.39015503256359385
-0.45469735719697074
-0.40048495460299216
-0.4640409043283954
-0.49136613427745046
-0.35398695725679113
-0.31292872993345827
-0.316920709868696
-0.28609964690124234
-0.2509230957826341
-0.23912549352880802
-0.3565329697792775
-0.2905621007350572
-0.28360703679467164
-0.36934875081230356
-0.4257256546580347
-0.4160895906067632
-0.3322641848250599
-0.42066076032284183
-0.42543355001370387
-0.4124163541661146
-0.46050216740112127
-0.39730512292553455
-0.2887546258981613
-0.1530882779630529
-0.2339963756013777
-0.168475540012191
-0.11689507435729192
-0.0040176419174653005
0.02418349805989832
0.00819952806995665
0.05828784620539075
0.03971479790969987
0.04529797870501889
0.0873501162158678
0.09985127190244539
0.15867944831672895
