2.2823172129373314E-29
3.026998203559397E-13
2.2823172129373527E-29
2.2823172129373314E-29
2.2823172129373527E-29
2.2823172129373314E-29
2.2823172129373527E-29
2.2823172129373314E-29
2.2823172129373527E-29
2.2823172129373314E-29
2.2823172129373527E-29
2.2823172129373314E-29
2.2823172129373527E-29
2.2823172129373314E-29
2.2823172129373527E-29
2.2823172129373314E-29
2.2823172129373527E-29
2.2823172129373314E-29
65535.62412295889
2.2823172129373527E-29
2.2823172129373314E-29
2.2823172129373527E-29
2.2823172129373314E-29
2.2823172129373527E-29
2.2823172129373314E-29
2.2823172129373527E-29
2.2823172129373314E-29
2.2823172129373527E-29
2.2823172129373314E-29
65535.602125627855
2.2823172129373527E-29
2.2823172129373314E-29
2.2823172129373527E-29
2.2823172129373314E-29
2.2823172129373527E-29
2.2823172129373314E-29
2.2823172129373527E-29
2.2823172129373314E-29
2.2823172129373527E-29
2.2823172129373314E-29
2.2823172129373527E-29
6.668886022093094E-12
2.2823172129373314E-29
2.2823172129373527E-29
2.2823172129373314E-29
2.2823172129373527E-29
2.2823172129373314E-29
2.2823172129373527E-29
2.2823172129373314E-29
2.2823172129373527E-29
2.2823172129373314E-29
2.2823172129373527E-29
2.0913688688464083E-10
2.2823172129373314E-29
2.2823172129373527E-29
2.2823172129373314E-29
2.2823172129373527E-29
2.2823172129373314E-29
2.2823172129373527E-29
2.2823172129373314E-29
2.2823172129373527E-29
4.237208748634137E-12
2.2823172129373314E-29
2.2823172129373527E-29
2.2823172129373314E-29
2.2823172129373527E-29
2.2823172129373314E-29
1.8077276877397964E-12
2.2823172129373527E-29
2.2823172129373314E-29
2.2823172129373527E-29
5.040185625809615E-12
2.2823172129373314E-29
2.2823172129373527E-29
2.2823172129373314E-29
2.2823172129373527E-29
2.2823172129373314E-29
2.2823172129373527E-29
2.2823172129373314E-29
2.2823172129373527E-29
2.448549231660173E-12
2.2823172129373314E-29
1.5474268564105944E-13
2.2823172129373527E-29
2.2823172129373314E-29
2.2823172129373527E-29
2.2823172129373314E-29
2.2823172129373527E-29
2.2823172129373314E-29
2.2823172129373527E-29
2.6176516715184655E-12
2.2823172129373314E-29
2.2823172129373527E-29
2.2823172129373314E-29
9.974335191463604E-13
2.2823172129373527E-29
2.2823172129373314E-29
1.2136012280776744E-12
2.2823172129373527E-29
2.2823172129373314E-29
6.827011884518188E-13
2.2823172129373527E-29
3.4783999458712857E-12
2.2823172129373314E-29
1.1892441281331474E-13
2.2823172129373527E-29
5.311077091994365E-15
2.2823172129373314E-29
2.2823172129373527E-29
2.2823172129373314E-29
6.894255090918089E-13
2.2823172129373527E-29
2.2823172129373314E-29
2.2823172129373527E-29
2.2823172129373314E-29
1.020116855854388E-12
2.2823172129373527E-29
2.750405852226341E-13
2.2823172129373314E-29
8.901034325226992E-13
2.2823172129373527E-29
3.722028394891222E-13
2.2823172129373314E-29
2.2823172129373527E-29
7.922475908221566E-11
2.2823172129373314E-29
2.2823172129373527E-29
1.13377981296689E-12
2.2823172129373314E-29
1.8260101714093494E-12
2.2823172129373527E-29
2.2823172129373314E-29
2.2823172129373527E-29
2.2823172129373314E-29
1.4282165271243327E-12
2.2823172129373527E-29
3.0578882925052786E-12
2.2823172129373314E-29
2.2823172129373527E-29
1.1264428628604183E-10
2.2823172129373314E-29
2.0881989965988306E-12
2.2823172129373527E-29
5.102046157378262E-14
2.2823172129373314E-29
2.2823172129373527E-29
5.02887439876843E-13
2.2823172129373314E-29
1.3910863921944257E-12
2.2823172129373527E-29
2.2823172129373314E-29
9.49167238499917E-13
2.2823172129373527E-29
3.5938810880962484E-12
2.2823172129373314E-29
2.8657685636184414E-15
2.2823172129373527E-29
2.2823172129373314E-29
6.7363372073776105E-12
2.2823172129373527E-29
1.2367819581505882E-12
2.2823172129373314E-29
1.3288027062863697E-14
2.2823172129373527E-29
2.2823172129373314E-29
2.2823172129373527E-29
1.1545424886923092E-12
2.2823172129373314E-29
4.1760308294963676E-13
2.2823172129373527E-29
2.2823172129373314E-29
1.5823907958128515E-12
2.2823172129373527E-29
3.9546176575354666E-14
2.2823172129373314E-29
1.3624986526884692E-12
2.2823172129373527E-29
3.143810798857734E-12
2.2823172129373314E-29
6.080681294733796E-13
2.2823172129373527E-29
5.618196649546114E-14
2.2823172129373314E-29
2.2432048114438212E-13
2.2823172129373527E-29
3.5208529338661803E-13
2.2823172129373314E-29
2.2823172129373527E-29
3.718621903039131E-13
2.2823172129373314E-29
8.884596031418778E-13
2.2823172129373527E-29
2.108369079031645E-13
2.2823172129373314E-29
2.077085658684316E-12
2.2823172129373527E-29
3.303143708299456E-12
2.2823172129373314E-29
1.7065073049177915E-11
2.2823172129373527E-29
2.2823172129373314E-29
1.2805332921455129E-14
2.2823172129373527E-29
7.040269490734313E-13
2.2823172129373314E-29
1.102649614640521E-12
2.2823172129373527E-29
2.6572535051921196E-12
2.2823172129373314E-29
1.3183565577232547E-13
2.2823172129373527E-29
1.4353296248339034E-12
2.2823172129373314E-29
1.4376363844319713E-13
2.2823172129373527E-29
1.9477540072899376E-13
2.2823172129373314E-29
1.9255962822804997E-11
2.2823172129373527E-29
2.360439411513888E-14
2.2823172129373314E-29
2.5457533817285932E-14
2.2823172129373527E-29
1.931037853927299E-12
2.2823172129373314E-29
1.3764780875912602E-12
2.2823172129373527E-29
5.682202899112804E-12
2.2823172129373314E-29
1.949229508250685E-12
2.2823172129373527E-29
2.2823172129373314E-29
2.2823172129373527E-29
1.875285024429452E-13
2.2823172129373314E-29
5.344488700007268E-14
2.2823172129373527E-29
9.664772989187424E-12
2.2823172129373314E-29
3.8535488926270276E-13
2.2823172129373527E-29
6.776827018205442E-13
2.2823172129373314E-29
5.87969061350288E-13
2.2823172129373527E-29
7.160431665987041E-14
2.2823172129373314E-29
7.026833590163849E-13
2.2823172129373527E-29
7.274719060577644E-13
2.2823172129373314E-29
5.799056443513249E-13
2.2823172129373527E-29
2.2823172129373314E-29
1.4962956844289675E-13
2.2823172129373527E-29
2.544423133770776E-11
2.2823172129373314E-29
2.832843017526591E-11
2.2823172129373527E-29
2.462671984412697E-16
2.2823172129373314E-29
2.061971366549845E-12
2.2823172129373527E-29
2.2823172129373314E-29
7.712224826295508E-13
2.2823172129373527E-29
3.406752818710927E-13
2.2823172129373314E-29
2.3766058067617036E-13
2.2823172129373527E-29
2.5103822047109593E-12
2.2823172129373314E-29
1.9353657837757902E-13
2.2823172129373527E-29
2.2823172129373314E-29
2.958229682911229E-11
2.2823172129373527E-29
5.455806125734894E-13
2.2823172129373314E-29
6.082792768362963E-14
2.2823172129373527E-29
3.2461111279532736E-13
2.2823172129373314E-29
1.3933710955920416E-13
2.2823172129373527E-29
2.118951296921818E-12
2.2823172129373314E-29
1.250893445624728E-13
2.2823172129373527E-29
1.2595922179380198E-12
2.2823172129373314E-29
5.48290531649614E-13
2.2823172129373527E-29
9.611724981919478E-13
2.2823172129373314E-29
3.3706237456033274E-14
2.2823172129373527E-29
1.4375512392457377E-13
2.2823172129373314E-29
4.283961639829196E-14
2.2823172129373527E-29
1.2707221040668016E-12
2.2823172129373314E-29
1.3796976320983512E-13
2.2823172129373527E-29
6.572550840739811E-13
2.2823172129373314E-29
9.505447806435753E-13
2.2823172129373527E-29
1.7702804213736921E-12
2.2823172129373314E-29
1.7211719141149142E-13
2.2823172129373527E-29
5.841447034921127E-12
2.2823172129373314E-29
2.1817468777111367E-13
2.2823172129373527E-29
7.259684039792117E-13
2.2823172129373314E-29
1.4700987625119262E-11
2.2823172129373527E-29
2.1716700151529818E-13
2.2823172129373314E-29
2.3039072994929283E-13
2.2823172129373527E-29
2.9255868911687997E-13
2.2823172129373314E-29
7.685918401343493E-14
2.2823172129373527E-29
1.2509548735574295E-12
2.2823172129373314E-29
1.2833475413011504E-12
2.2823172129373527E-29
2.7041855429400226E-12
2.2823172129373314E-29
1.2062163661587202E-13
2.2823172129373527E-29
3.4554798845763067E-14
2.2823172129373314E-29
2.962804493286626E-11
2.2823172129373527E-29
2.2823172129373314E-29
4.096352911433104E-14
2.2823172129373527E-29
1.2885378143891337E-12
2.2823172129373314E-29
1.2559984203903644E-14
2.2823172129373527E-29
3.894283631013401E-12
2.2823172129373314E-29
3.099651874177074E-13
2.2823172129373527E-29
5.260273149338498E-14
2.2823172129373314E-29
4.3637567623161153E-13
2.2823172129373527E-29
6.847863396867177E-13
2.2823172129373314E-29
4.8488304206224977E-14
2.2823172129373527E-29
2.2823172129373314E-29
5.104899218911687E-14
2.2823172129373527E-29
2.043871960287355E-12
2.2823172129373314E-29
4.60461359205913E-13
2.2823172129373527E-29
2.031061346469112E-13
2.2823172129373314E-29
9.516465319530087E-13
2.2823172129373527E-29
2.2493523988820849E-13
2.2823172129373314E-29
7.737693106660877E-13
2.2823172129373527E-29
1.1164217293568164E-12
2.2823172129373314E-29
1.4604868090806014E-13
2.2823172129373527E-29
2.2823172129373314E-29
6.042277723638086E-12
2.2823172129373527E-29
8.154733901279317E-13
2.2823172129373314E-29
4.848157444896821E-15
2.2823172129373527E-29
7.294637347659176E-14
2.2823172129373314E-29
1.2109872048201994E-12
2.2823172129373527E-29
1.8540376625478124E-12
2.2823172129373314E-29
4.051803307966815E-14
2.2823172129373527E-29
2.444002576315619E-13
2.2823172129373314E-29
1.0541325076271474E-12
2.2823172129373527E-29
7.718195467696291E-13
2.2823172129373314E-29
1.0781628308931257E-11
2.2823172129373527E-29
2.2823172129373314E-29
1.3877776895840078E-13
2.2823172129373527E-29
2.121381353767657E-12
2.2823172129373314E-29
5.894261058160329E-15
2.2823172129373527E-29
2.5090205272854843E-12
