1.8466777468447052E-28
1.596558854471193E-9
9.242781763821934E-8
1.8466777468447052E-28
1.7634908449334114E-9
2.036235015202423E-7
1.8466777468447052E-28
1.7447492383288771E-9
1.1548709781428673E-10
1.8466777468447052E-28
2.0477531832531204E-9
9.44652651845844E-8
2.8620266022373635E-11
1.8466777468447052E-28
2.244575324924394E-9
1.7009911091013395E-8
9.606111002267989E-11
1.8466777468447052E-28
3.84630954378478E-9
9.20073220218369E-9
2.697970897038579E-10
1.8466777468447052E-28
3.6537813908608725E-9
1.4091413091135645E-10
1.8466777468447052E-28
5.535981493478633E-9
1.4766879655859042E-9
1.430632588265808E-9
1.8466777468447052E-28
9.504746299046362E-9
7.689533655211243E-10
4.039368927839282E-9
1.8466777468447052E-28
2.412248468451561E-8
5.433943078974436E-10
1.923709717662544E-8
1.8466777468447052E-28
1.952229909239194E-7
1.8466777468447052E-28
1.7763863667301317E-7
2.468086680330082E-10
2.505546891924133E-8
1.8466777468447052E-28
1.816685786336253E-8
1.5021559877816326E-10
6.93355310297455E-9
1.8466777468447052E-28
5.083686558396085E-9
2.630870600599457E-9
3.3535949236286108E-9
1.8466777468447052E-28
2.83944519001991E-9
1.0027622424950906E-10
1.8466777468447052E-28
1.5442208276368619E-9
7.549098186084399E-11
1.3828800762626632E-9
1.8466777468447052E-28
9.918699787364733E-10
4.832156154021129E-11
1.0188969656667224E-9
1.8466777468447052E-28
6.344349512610628E-10
4.78313415243696E-11
7.916768969227878E-10
1.8466777468447052E-28
4.654562371769253E-10
8.716000783551042E-11
1.8466777468447052E-28
3.2109655839876547E-10
3.2424570635716714E-11
5.210892266583803E-10
1.8466777468447052E-28
2.558194322529957E-10
1.9153113535228027E-11
4.341535557642538E-10
1.8466777468447052E-28
9.574146697791142E-11
3.685078908575112E-10
1.8466777468447052E-28
1.5543229724177117E-10
6.224627017321023E-11
1.8466777468447052E-28
1.1495463225460636E-10
1.6329841872848558E-11
2.7720965598483925E-10
1.8466777468447052E-28
1.0087438637509599E-10
9.653094223757299E-12
2.414773404956785E-10
1.8466777468447052E-28
7.618935939836779E-11
1.1676629461765224E-11
2.1807970952456645E-10
1.8466777468447052E-28
6.935666717160194E-11
5.476035259247921E-10
1.8466777468447052E-28
5.185832870397406E-11
9.092565713144962E-12
1.789331349347903E-10
1.8466777468447052E-28
4.849344946427709E-11
5.1686259939557905E-12
1.4468797749054427E-10
1.8466777468447052E-28
3.195126596756496E-12
1.1831475271220923E-10
1.8466777468447052E-28
3.604229193910488E-11
3.5207641530733035E-11
1.8466777468447052E-28
2.8021575952147333E-11
4.4210342962168655E-12
1.0802295581967846E-10
1.8466777468447052E-28
2.7565173889227637E-11
1.332529327237996E-12
9.213400299156546E-11
1.8466777468447052E-28
1.9831074312908283E-11
9.138702834620566E-14
8.380795837091186E-11
1.8466777468447052E-28
2.1302771174501108E-11
3.3606025434060343E-13
2.7768290717887332E-11
1.8466777468447052E-28
1.643027137598906E-11
1.911300356828771E-13
8.391648332795346E-11
1.8466777468447052E-28
1.6602275359083984E-11
2.1019744572300185E-12
6.787787987682043E-11
1.8466777468447052E-28
7.060772668284523E-11
1.8466777468447052E-28
1.336436765768375E-11
2.277259039899558E-11
1.8466777468447052E-28
1.000721098499592E-11
2.196482979149197E-12
5.072924300335352E-11
1.8466777468447052E-28
1.1034962408814732E-11
9.201353701553194E-13
5.35294578842184E-11
1.8466777468447052E-28
8.627854334521353E-12
1.3532868848366521E-12
4.4709240406440875E-11
1.8466777468447052E-28
9.01531876076984E-12
2.9351067663920475E-11
1.8466777468447052E-28
6.379246642452693E-12
1.4847592860178852E-12
3.261521091055439E-11
1.8466777468447052E-28
7.566434009443066E-12
1.021832606641499E-12
4.505980725368421E-11
1.8466777468447052E-28
9.160858118491285E-12
3.5405395289189517E-11
1.8466777468447052E-28
5.811256163835583E-12
1.0385339310341438E-11
1.8466777468447052E-28
4.71439957939836E-12
2.7596104165828303E-11
1.8466777468447052E-28
5.477387104838217E-12
5.775266358259634E-13
2.2055006293090074E-11
1.8466777468447052E-28
4.277684900436934E-12
7.096501756256448E-13
3.0575565551524126E-11
1.8466777468447052E-28
4.739812834628277E-12
1.1995071151636485E-11
1.8466777468447052E-28
2.3988110189578476E-12
5.539110400829614E-13
1.8466777468447052E-28
3.971787335406737E-12
1.805769117626172E-11
1.8466777468447052E-28
1.0654077221657491E-12
6.748078369489729E-12
1.8466777468447052E-28
3.5991000090308533E-12
7.077568067051518E-12
1.8466777468447052E-28
2.9197838784681907E-12
1.0689041534908347E-14
1.3915523122930629E-11
1.8466777468447052E-28
3.1685256149681623E-12
4.022001893053973E-13
1.1764605405291952E-11
1.8466777468447052E-28
1.4841735691018607E-12
5.990328749787774E-13
1.1303964114728694E-11
1.8466777468447052E-28
2.6949210136690225E-12
1.8466777468447052E-28
5.073011374015967E-13
2.135999321946752E-12
1.8466777468447052E-28
2.50221315029144E-12
1.006251844261779E-11
1.8466777468447052E-28
1.8466777468447052E-28
2.2344884039788926E-12
5.893220455524283E-12
1.8466777468447052E-28
1.6138754677371119E-12
1.8466777468447052E-28
1.9233898467889437E-12
1.8466777468447052E-28
1.2959143033821104E-12
1.8466777468447052E-28
1.8466777468447052E-28
7.678677300670973E-13
3.2317170514877537E-13
1.8466777468447052E-28
9.061220601688468E-13
1.8466777468447052E-28
1.8466777468447052E-28
1.3623576666089471E-12
1.8466777468447052E-28
1.9801663002660833E-13
1.8466777468447052E-28
1.3074413500487103E-12
1.8466777468447052E-28
1.310767758649182E-12
3.534594431020951E-14
1.8466777468447052E-28
1.0088026457510697E-12
1.8466777468447052E-28
1.1693354866752318E-12
1.727457629021558E-13
1.8466777468447052E-28
4.175152658333319E-13
3.752888832589257E-14
1.8466777468447052E-28
1.8466777468447052E-28
1.0391880487301532E-12
1.8466777468447052E-28
2.2703127141260475E-13
1.8466777468447052E-28
5.563397234430827E-13
1.8466777468447052E-28
1.0366896699222713E-12
1.8466777468447052E-28
9.713967582436402E-13
1.8466777468447052E-28
5.959746936385734E-13
1.8466777468447052E-28
1.8466777468447052E-28
1.8466777468447052E-28
5.319210979823581E-13
1.8466777468447052E-28
8.038916413334139E-13
1.8466777468447052E-28
6.435578568515702E-13
1.8466777468447052E-28
8.191233017199229E-13
1.8466777468447052E-28
3.5695041860781803E-13
1.8466777468447052E-28
4.296729147097507E-13
3.705839904235456E-14
1.8466777468447052E-28
7.335823890558485E-13
1.8466777468447052E-28
1.8466777468447052E-28
6.215468382604796E-13
1.8466777468447052E-28
4.606138709914735E-13
1.8466777468447052E-28
6.474902349728534E-13
1.8466777468447052E-28
7.381883860274961E-13
1.7821557074110703E-15
1.8466777468447052E-28
6.352043432438193E-13
1.8466777468447052E-28
1.8466777468447052E-28
3.4213410489298314E-14
1.8466777468447052E-28
1.8466777468447052E-28
7.908120364372645E-14
1.8466777468447052E-28
2.397784747408745E-13
1.8466777468447052E-28
5.244220745272376E-13
1.8466777468447052E-28
5.539417990995723E-14
1.8466777468447052E-28
3.6323334519072125E-13
1.8466777468447052E-28
7.112464918092384E-13
1.8466777468447052E-28
2.941596129133203E-13
1.8466777468447052E-28
1.8466777468447052E-28
4.791577872573774E-13
1.8466777468447052E-28
6.772907874264409E-13
1.8466777468447052E-28
5.083373050526479E-13
1.8466777468447052E-28
5.461535492898368E-13
1.8466777468447052E-28
4.728929812137688E-13
1.8466777468447052E-28
4.717980548149355E-13
1.8466777468447052E-28
3.7200683877360656E-13
7.359747239967747E-14
1.8466777468447052E-28
3.0965431806773026E-10
1.8466777468447052E-28
4.210548050779428E-13
1.8466777468447052E-28
3.101337437336548E-13
1.8466777468447052E-28
4.987854480065886E-13
2.4464422422236136E-14
1.8466777468447052E-28
4.463616123405509E-13
1.8466777468447052E-28
4.980712685844959E-13
1.8466777468447052E-28
4.585385776629371E-13
1.8466777468447052E-28
4.072143905377101E-13
1.8466777468447052E-28
1.6774475846506762E-10
1.8466777468447052E-28
8.015337880986036E-14
1.8466777468447052E-28
