0.0
5.984066768595967E-9
0.0
-1.712415430043067E-9
0.0
7.115396053037013E-9
0.0
-1.9125672382972668E-9
0.0
8.476273504353024E-9
0.0
-1.8799131257124045E-9
0.0
2.1260078784506105E-8
0.0
5.843638465895424E-11
0.0
7.743819247933138E-8
0.0
-81006.87827224929
0.0
3.273580107693288E-8
0.0
1.2073047321478587E-8
0.0
-6.254101730868771E-11
0.0
4.37038992511831E-9
0.0
-2.5303513031421383E-9
0.0
2.4917710136329935E-9
0.0
-1.0446751537612964E-9
0.0
1.5634095552903276E-9
0.0
-8.884477546007861E-10
0.0
1.164827639148784E-9
0.0
-6.624687594186452E-10
0.0
8.885123181665433E-10
0.0
-1.0823499232939752E-12
0.0
7.146677718548117E-10
0.0
-5.024716266529243E-10
0.0
1.5501356951573109E-10
0.0
-4.367053023167933E-10
0.0
4.813967363723113E-10
0.0
-3.8285747394722416E-10
0.0
4.0893678190334793E-10
0.0
-3.2549478520317024E-10
0.0
3.442907824618081E-10
0.0
-2.5055872025680613E-10
0.0
3.230472494232884E-10
0.0
-2.2273236269932048E-10
0.0
2.65164299562722E-10
0.0
-2.1278776298816974E-10
0.0
2.7024841399375975E-10
0.0
-1.570995589603323E-10
0.0
2.1651944853286472E-10
0.0
-1.732279577627897E-10
0.0
9.38497359132739E-11
0.0
-1.2948386082907396E-10
0.0
1.7210832807189552E-10
0.0
-1.5352996797668219E-10
0.0
1.55144502035692E-10
0.0
-7.069605405748138E-11
0.0
1.275284346975008E-10
0.0
-9.856300622405856E-11
0.0
1.2830397428918412E-10
0.0
-9.717426623588444E-11
0.0
1.150273331217424E-10
0.0
-9.711243697188803E-11
0.0
1.1269508314206081E-10
0.0
1.6789625785014871E-9
0.0
8.390295388377628E-11
0.0
-7.763712180031036E-11
0.0
5.098244361895551E-11
0.0
-5.868502468159378E-11
0.0
7.883308369271797E-11
0.0
-6.571271216850256E-11
0.0
8.284130608806538E-11
0.0
-1.3052477089775803E-11
0.0
6.668799092410958E-11
0.0
-5.1495057285198905E-11
0.0
6.581972424512679E-11
0.0
-3.868884418106768E-11
0.0
5.443469366707405E-11
0.0
-3.766351305034045E-11
0.0
5.033938626611849E-11
0.0
6.682746118032384E-12
0.0
4.8801872266324676E-11
0.0
-3.62782075259072E-11
0.0
3.8070669660902875E-11
0.0
-3.7998160774658026E-11
0.0
4.961706712097976E-11
0.0
-3.567475944100544E-11
0.0
5.592392872400796E-11
0.0
7.74625932364514E-12
0.0
4.133822819734132E-11
0.0
-2.4839632148629967E-11
0.0
4.882096319191583E-11
0.0
-2.2707981995997884E-11
0.0
2.5284931433028623E-11
0.0
-2.4543218429066535E-11
0.0
2.5679703049994055E-11
0.0
3.649515821156837E-10
0.0
4.1658541810765904E-11
0.0
-1.5477593943911527E-11
0.0
2.4652665834705446E-11
0.0
-1.9335740094200392E-11
0.0
2.2915968497986293E-11
0.0
-1.6726861016310787E-11
0.0
1.7154249244412375E-11
0.0
1.1195561306149862E-11
0.0
1.863782108715859E-11
0.0
-1.9931411654826287E-11
0.0
1.338011551776587E-11
0.0
-4.905800367468033E-12
0.0
1.9442417715044198E-11
0.0
-1.6648602797443207E-11
0.0
1.4847993971091712E-11
0.0
2.3170018682693786E-11
0.0
1.1441188941533976E-11
0.0
-5.315105230568346E-12
0.0
2.3277175862691425E-11
0.0
-9.119530911463481E-12
0.0
1.8586533126163512E-11
0.0
-1.0000406130061646E-11
0.0
1.0596118633741149E-11
0.0
1.8927582502855757E-11
0.0
1.0134893422967139E-11
0.0
-1.2027462000391686E-11
0.0
1.4219952102662055E-11
0.0
-8.774500339689427E-12
0.0
1.3139366099551046E-11
0.0
-1.0936318464906644E-12
0.0
1.0381031738697763E-11
0.0
3.971227958547877E-10
0.0
1.5767974866217916E-11
0.0
3.280649336808738E-12
0.0
1.1336651043345126E-11
0.0
-5.989492218029509E-12
0.0
1.8576262967236397E-12
0.0
-4.4489063509315736E-12
0.0
8.140112839961279E-12
0.0
1.9340212626903414E-11
0.0
-4.492901392715374E-12
0.0
-1.5372760182001075E-12
0.0
2.791786115803062E-12
0.0
8.531237047834302E-12
0.0
2.282488144392621E-12
0.0
-3.0810031343892065E-12
0.0
-1.0488338089653238E-12
0.0
1.519471572673537E-11
0.0
5.945297499948544E-12
0.0
1.030154669924053E-12
0.0
1.5294955841153787E-11
0.0
7.552608093770901E-13
0.0
-2.919372578048159E-12
0.0
6.290886256434264E-12
0.0
-1.4149944279235131E-12
0.0
2.4071259856065657E-11
0.0
3.570511617419687E-12
0.0
3.2848724779667387E-12
0.0
3.1480251546138413E-12
0.0
9.489281536815001E-12
0.0
-2.3960078823381175E-12
0.0
-4.373219498475323E-12
0.0
-7.236849743831854E-13
0.0
1.2497218752810861E-10
0.0
1.3254085173302425E-12
0.0
-1.4428383217003432E-12
0.0
1.2251805383287218E-11
0.0
2.9000338540478095E-12
0.0
-1.994341742755552E-12
0.0
4.0974168304610956E-12
0.0
2.73741646612691E-12
0.0
1.838274368742962E-11
0.0
-6.058003069679351E-12
0.0
3.931299015522225E-13
0.0
-1.0774193435669856E-11
0.0
7.395270077118848E-12
0.0
-5.6427555494249305E-12
0.0
-7.221672763732482E-13
0.0
-6.2709011600038235E-12
0.0
1.6900737072122075E-11
0.0
-7.188477417815932E-12
0.0
8.335780811560593E-12
0.0
7.49751296557289E-12
0.0
2.543233370557821E-12
0.0
-1.3460829854815987E-11
0.0
2.063787770521218E-12
0.0
-3.6117353435238853E-12
0.0
1.700299769988364E-11
0.0
-7.564725743305863E-12
0.0
1.2383203244603116E-12
0.0
-3.456353043242083E-12
0.0
7.311524223882337E-12
0.0
-4.614359467734763E-12
0.0
5.050355274441728E-12
0.0
-4.746212865606304E-12
0.0
-1.5909957594458212E-10
0.0
-1.0233938385862561E-11
0.0
8.699410638635208E-12
0.0
1.2423411811501182E-12
0.0
9.806942868121035E-12
0.0
-9.969245241449823E-12
0.0
-7.362456212279697E-13
0.0
-1.0421414104603283E-11
0.0
1.2697346965005957E-11
0.0
-8.676502552947362E-12
0.0
5.5031361613053324E-12
0.0
-1.261816540802872E-11
0.0
8.065608038180407E-12
0.0
-1.1468359920499387E-11
0.0
3.721395672588874E-12
0.0
-1.6718554022686324E-11
0.0
1.301165287984702E-11
0.0
-2.0007896866677635E-11
0.0
8.248501507902333E-12
0.0
1.8620831638822397E-12
0.0
8.777338372968267E-12
0.0
-7.197696298335133E-12
0.0
1.1157234214361597E-11
0.0
-1.1212409744792849E-11
0.0
1.4437540701440502E-11
0.0
-1.398000059192279E-11
0.0
8.01588495608871E-12
0.0
-1.4445218753364496E-11
0.0
6.698478651888875E-12
0.0
-1.0960725993387236E-11
0.0
7.274506493763772E-12
0.0
-1.0141036756929081E-11
0.0
6.815502595823323E-12
0.0
-2.581692869851504E-11
0.0
7.40134029195773E-12
0.0
2.4548001887812665E-12
0.0
8.379521694177359E-12
0.0
-1.5380399199034215E-11
0.0
7.833134357788434E-12
0.0
-6.202019018474309E-12
0.0
1.634890953815825E-11
0.0
-9.328377753735783E-12
0.0
1.146098416092283E-11
0.0
-1.3395653059267305E-11
0.0
7.750956165150865E-12
0.0
-5.6537215922305195E-12
0.0
7.396615808394154E-12
0.0
-5.444625066997187E-12
0.0
9.65419797886346E-12
0.0
-1.525785493309782E-11
0.0
4.6608063631854425E-12
0.0
-1.242824959475905E-12
0.0
1.1494162060686289E-11
0.0
-1.6291221798976384E-11
0.0
6.2707330917935844E-12
0.0
-1.8352717374464846E-11
0.0
1.3767590974913714E-11
0.0
-1.2985338099516438E-11
0.0
5.5134766027067984E-12
0.0
-1.0397755223817933E-11
0.0
1.0186005910648746E-11
0.0
-9.794854611524885E-12
0.0
1.4123376713786732E-11
0.0
-1.146430189442494E-11
0.0
-8.139381561786483E-10
0.0
-1.219502382829808E-11
0.0
4.666180659687069E-12
0.0
-8.773770952644209E-12
0.0
1.0683251248837878E-11
0.0
-1.8605497214666E-11
0.0
1.2515944565113471E-11
0.0
-1.3891090358585483E-11
0.0
1.0160029988268566E-11
0.0
-1.790260086794239E-11
0.0
3.900662242046723E-12
0.0
-1.5054355638869575E-11
0.0
1.1667984388897704E-11
0.0
-9.243793920786556E-12
0.0
6.5462703042731834E-12
0.0
-1.7463928434079314E-11
0.0
4.991382338682901E-12
0.0
-9.828634144747577E-12
0.0
6.235486155555093E-12
0.0
3.2343817981427477E-12
0.0
4.755821100609698E-12
0.0
-1.3756932799322489E-11
0.0
9.00521496280485E-12
0.0
-9.55269701739213E-12
0.0
4.012267145456474E-12
0.0
-1.4591377810581332E-11
0.0
6.34167600740662E-12
0.0
-1.2469218536252788E-11
0.0
9.313521139595742E-12
0.0
-2.1546369452977484E-11
0.0
1.2848860188309817E-11
0.0
-1.1422226640442495E-11
0.0
-9.56952064269955E-11
0.0
-1.6925732226193606E-11
0.0
1.1708631935698266E-11
0.0
-9.793881460733545E-12
0.0
1.4218992375208063E-11
0.0
-1.4325871265680538E-11
0.0
1.1264748027714476E-11
0.0
-1.6431654951083793E-11
0.0
3.675951562884898E-12
0.0
-1.1752325021743101E-11
0.0
4.940258501469425E-12
0.0
-1.7267029006607848E-11
0.0
1.1579865126291425E-11
0.0
-1.6510613058239885E-11
0.0
7.08450115952005E-12
0.0
-1.526878001755428E-11
0.0
-2.162132725108821E-12
0.0
-1.0671393499161342E-11
0.0
4.898425947504001E-12
0.0
-3.3509719154186233E-12
0.0
6.659708366128192E-12
0.0
-2.1619542613137104E-11
0.0
6.147732101220861E-12
0.0
-9.411171047128436E-12
0.0
2.647474027588135E-13
0.0
-1.4470771991248165E-11
0.0
6.803933272495129E-12
0.0
-1.7487471300093142E-11
0.0
3.550398003820837E-12
0.0
-1.3268054183532266E-11
0.0
9.296913905083154E-12
0.0
-1.1987888976624579E-11
0.0
-2.960042699101126E-10
0.0
-1.6915099775498245E-11
0.0
6.5783271757089466E-12
0.0
-8.212156154214867E-12
0.0
4.524075873692774E-12
0.0
-8.45095886229786E-12
0.0
1.834734166594215E-12
0.0
-1.2097916026919647E-11
0.0
-4.268531448258066E-12
0.0
-1.904161176449899E-11
0.0
4.6398200210127325E-12
0.0
-1.2500172046907596E-11
0.0
7.0401620508180765E-12
0.0
-1.7635505934587423E-11
0.0
6.597454815159616E-12
0.0
-1.267862413253118E-11
0.0
-3.18695623637088E-12
0.0
-1.2564879323929859E-11
0.0
5.169352807002509E-12
0.0
-1.2763229666458855E-11
0.0
3.569793644676982E-12
0.0
-1.712782134331885E-11
0.0
4.558736352331304E-12
0.0
-2.1383588289858906E-11
0.0
-9.524820333558828E-12
0.0
-1.6749921344252473E-11
0.0
4.1370539966394975E-12
0.0
-1.867343778650191E-11
0.0
-3.3426487409843264E-12
0.0
-2.0097844881347772E-11
0.0
2.2000653535615377E-12
0.0
-1.5528200015547575E-11
0.0
-1.6993566973062688E-10
0.0
-1.2206084992754377E-11
0.0
3.058714530552062E-12
0.0
-1.0922946902561794E-11
0.0
2.7416596093516274E-12
0.0
-1.6538155074297366E-11
0.0
5.247558878182368E-12
0.0
-1.421788984387271E-11
0.0
-1.0838149527588538E-11
0.0
-1.4973344600660022E-11
0.0
3.368751697061976E-12
0.0
-3.5249545527132526E-12
0.0
-1.4941214630953262E-12
0.0
-1.3020643677130402E-11
0.0
-2.278554923872882E-12
0.0
-2.4271706826771333E-11
0.0
-1.0284847840273105E-11
0.0
-1.5848003765722747E-11
0.0
2.491101376106111E-12
0.0
-2.0642758350591586E-11
0.0
-2.6883905999528935E-12
0.0
-1.781829278121505E-11
0.0
1.3617884480934746E-12
0.0
-5.8463785008652304E-12
0.0
-2.3153710666955364E-11
0.0
-5.322404726846547E-12
0.0
3.704923534470757E-12
0.0
-7.799953928499426E-12
0.0
-6.382230235859372E-12
0.0
-1.0347444986707471E-11
0.0
-3.911013827763805E-12
0.0
-7.643752938923664E-12
0.0
-3.798118642705485E-10
0.0
-1.16542569064413E-11
0.0
-5.389025440775273E-12
0.0
-2.085472179930347E-11
0.0
-2.711818663487478E-12
0.0
-9.939762162525103E-12
0.0
-4.116154926105577E-12
0.0
-4.575009433507968E-12
0.0
-2.783916970092386E-11
0.0
-5.0426367715596595E-12
0.0
-5.554109646812216E-12
0.0
-1.4223337910780551E-11
0.0
-9.520389483797923E-12
0.0
-5.42349231653494E-12
0.0
-4.820723028399945E-12
0.0
-1.6934633456880622E-11
0.0
-3.812704716606358E-11
0.0
-7.176801808672624E-12
0.0
-1.0158399576572493E-11
0.0
-1.902501161264557E-11
0.0
-1.4772544678596062E-11
0.0
-1.8177517049546762E-11
0.0
-6.103160775522599E-12
0.0
-4.221733515716676E-12
0.0
-4.1202163506739127E-11
0.0
-8.924601692049938E-12
0.0
-9.583137478435679E-12
0.0
-3.442933468698985E-12
0.0
-6.892725426501795E-12
0.0
5.515872689925864E-12
0.0
-1.308548538212774E-11
0.0
1.6168727582090884E-12
0.0
-2.6196548877663017E-10
0.0
-4.7791846128371675E-12
0.0
-9.14713095249641E-12
0.0
-2.2112336350469517E-11
0.0
-1.9720083122278543E-11
0.0
-1.835274013221331E-12
0.0
-1.824395455146639E-11
0.0
7.65471123127957E-12
0.0
-4.200142253276949E-11
0.0
5.424350192534924E-12
0.0
-1.8092610114640874E-11
0.0
4.683725643330547E-12
0.0
-1.79578826082583E-11
0.0
9.667904205203508E-12
0.0
-2.3960728608102452E-11
0.0
1.9039183415023862E-11
0.0
-7.78633883906331E-11
0.0
-1.9833471755921515E-12
0.0
-2.5614104688938234E-11
0.0
-2.4612740241562625E-11
0.0
-1.9477375778199694E-11
0.0
3.103730315388827E-11
0.0
-2.9949528916444305E-11
0.0
2.698305858276831E-11
0.0
-8.384247924808806E-11
0.0
1.5502001171254792E-11
0.0
-3.535024624645545E-11
0.0
1.735151366399332E-11
0.0
-5.1057590295247477E-11
0.0
2.2219000517541884E-11
0.0
-3.204169637507054E-11
0.0
2.547648803634761E-11
0.0
1.2553458417079938E-9
0.0
3.4336238803181874E-11
0.0
-4.54968333981887E-11
0.0
-3.14526832394454E-11
0.0
-4.8919939539281345E-11
0.0
4.3278591251528757E-11
0.0
-4.8364243075294505E-11
0.0
3.654445083389173E-11
0.0
-1.3219655915037053E-10
0.0
4.321487148408853E-11
0.0
-5.509979100705588E-11
0.0
5.810489189660922E-11
0.0
-7.277684851370816E-11
0.0
5.7362912629430735E-11
0.0
-7.14001590862654E-11
0.0
5.972144272377537E-11
0.0
-1.4110353349562938E-10
0.0
7.853965524554901E-11
0.0
-6.58787673368106E-11
0.0
-4.128868728960943E-11
0.0
-9.550571027182833E-11
0.0
8.631289907309548E-11
0.0
-9.131537777339948E-11
0.0
8.883516328969132E-11
0.0
-1.6165784974672645E-10
0.0
1.1612568278229274E-10
0.0
-1.0884971378796928E-10
0.0
1.3898790471050742E-10
0.0
-1.4760350164096086E-10
0.0
1.416131691744422E-10
0.0
-1.5121328878935672E-10
0.0
1.6322559744925453E-10
0.0
3.512210323237861E-10
0.0
1.4043662160284085E-10
0.0
-1.7107517033033345E-10
0.0
-1.707963268614446E-11
0.0
-2.2377416378052264E-10
0.0
2.2193019450058626E-10
0.0
-2.0017867119024173E-10
0.0
2.948667888538633E-10
0.0
-2.4871231303916157E-10
0.0
3.420107831897864E-10
0.0
-3.0245736962066193E-10
0.0
3.596303796414212E-10
0.0
-3.305310014623498E-10
0.0
3.9560504811826276E-10
0.0
-4.1483661118274004E-10
0.0
5.160540034154945E-10
0.0
-1.7175165773179539E-10
0.0
6.288692840274208E-10
0.0
-5.426694545367838E-10
0.0
1.5808291889372443E-10
0.0
-5.24205758011929E-10
0.0
1.1735218842666754E-9
0.0
-7.463099534575875E-10
0.0
1.6195125594455807E-9
0.0
1.5462554097740085E-9
0.0
2.405747209920741E-9
0.0
-9.955715367318073E-10
0.0
4.292165349806865E-9
0.0
7.932857495016817E-10
0.0
9.913437401288444E-9
0.0
5.9105144597079545E-9
0.0
7.127887126813093E-8
0.0
-81006.27296054125
0.0
4.836477492880642E-8
0.0
2.7427437871716654E-8
0.0
7.260311043233848E-9
0.0
1.3416151404914236E-8
0.0
-6.014980769961595E-10
0.0
7.263476640146521E-9
0.0
-1.2572292750188866E-9
0.0
1.3414087445602879E-8
0.0
-1.4866575779626189E-9
